nose_x;nose_y;nose_z;right_eye_inner_x;right_eye_inner_y;right_eye_inner_z;right_eye_x;right_eye_y;right_eye_z;right_eye_outer_x;right_eye_outer_y;right_eye_outer_z;left_eye_inner_x;left_eye_inner_y;left_eye_inner_z;left_eye_x;left_eye_y;left_eye_z;left_eye_outer_x;left_eye_outer_y;left_eye_outer_z;right_ear_x;right_ear_y;right_ear_z;left_ear_x;left_ear_y;left_ear_z;mouth_right_x;mouth_right_y;mouth_right_z;mouth_left_x;mouth_left_y;mouth_left_z;right_shoulder_x;right_shoulder_y;right_shoulder_z;left_shoulder_x;left_shoulder_y;left_shoulder_z;right_elbow_x;right_elbow_y;right_elbow_z;left_elbow_x;left_elbow_y;left_elbow_z;right_wrist_x;right_wrist_y;right_wrist_z;left_wrist_x;left_wrist_y;left_wrist_z;right_pinky_1_x;right_pinky_1_y;right_pinky_1_z;left_pinky_1_x;left_pinky_1_y;left_pinky_1_z;right_index_1_x;right_index_1_y;right_index_1_z;left_index_1_x;left_index_1_y;left_index_1_z;right_thumb_2_x;right_thumb_2_y;right_thumb_2_z;left_thumb_2_x;left_thumb_2_y;left_thumb_2_z;right_hip_x;right_hip_y;right_hip_z;left_hip_x;left_hip_y;left_hip_z
0.680881;0.336988;0.00146562;0.690056;0.297441;0.00157502;0.70152;0.300221;-0.00730356;0.713904;0.303802;0.00526264;0.653616;0.290919;-0.00494197;0.63822;0.289037;0.00566252;0.623306;0.287214;0.0121399;0.708112;0.335491;0.00325001;0.584235;0.316214;0.00612277;0.69063;0.400216;0.00166744;0.63984;0.390561;0.00631139;0.771715;0.598304;-0.0344052;0.457011;0.592923;0.0451493;0.885916;0.954153;-0.278863;0.382392;0.961536;0.0473524;0.92387;1.03186;0.0462357;0.371371;1.20006;0.0116797;0.921803;1.06607;-0.00941616;0.350863;1.27476;-0.0054324;0.91821;1.01324;-0.00816369;0.375513;1.25985;0.00811087;0.90449;1.0157;0.00311043;0.395433;1.24298;-0.00464395;0.730825;1.16266;0.386545;0.503352;1.17346;0.485777
0.666927;0.326596;0.00225298;0.683164;0.290954;0.00106453;0.696634;0.294976;-0.00789293;0.710105;0.299681;0.0045022;0.644686;0.281611;-0.00594411;0.629297;0.278968;0.00562494;0.61487;0.276319;0.0119183;0.714056;0.335887;0.00248203;0.579396;0.307973;0.00465991;0.680584;0.394873;0.00107674;0.626714;0.38152;0.00786289;0.779287;0.617818;-0.0464114;0.448995;0.586277;0.0571055;0.908274;1.00669;-0.41623;0.369939;1.00031;-0.187207;0.869884;1.02743;0.0933634;0.450072;1.11878;0.00647731;0.846893;1.05491;-0.0105289;0.463674;1.16791;-0.00495655;0.833244;0.989364;-0.00907199;0.490465;1.12537;0.00701052;0.828449;0.993494;0.00165312;0.498616;1.11849;-0.00369676;0.723354;1.21423;0.35519;0.473374;1.19793;0.501303
0.659907;0.324094;0.00241288;0.676328;0.285703;-9.35252e-06;0.689611;0.28854;-0.00682686;0.703827;0.292113;0.00463198;0.637371;0.279281;-0.00541826;0.622598;0.27839;0.00520958;0.607368;0.276793;0.0123271;0.713261;0.327989;0.00250417;0.577268;0.309608;0.00478104;0.678003;0.389689;0.00150176;0.623837;0.380992;0.00773611;0.782183;0.610528;-0.0391426;0.456989;0.597039;0.0507692;0.915646;1.0022;-0.60291;0.374737;1.00219;-0.111913;0.851303;0.854377;0.0258467;0.42551;1.12475;-0.00394258;0.821409;0.832206;-0.00967386;0.425881;1.17638;-0.00387178;0.811911;0.76645;-0.00871244;0.449249;1.1452;0.00775847;0.803559;0.79039;0.00247436;0.461446;1.13642;-0.00352708;0.735006;1.20044;0.388743;0.488141;1.20186;0.504651
0.654653;0.316549;0.00241818;0.670365;0.279932;3.63375e-05;0.684552;0.282378;-0.00683979;0.697782;0.28547;0.00448086;0.630607;0.275374;-0.00531407;0.615916;0.274936;0.00503263;0.601225;0.274497;0.0121909;0.708608;0.322879;0.00251817;0.571296;0.31069;0.00506966;0.67454;0.382549;0.00111466;0.619637;0.376191;0.0070842;0.780267;0.607546;-0.0460084;0.460322;0.602045;0.0581845;0.906424;0.990263;-0.535155;0.393303;0.999227;-0.12105;0.858312;0.909261;0.0223524;0.444829;1.10595;-0.000746655;0.833768;0.901786;-0.00970235;0.44518;1.14642;-0.00439568;0.823329;0.838091;-0.00862843;0.466489;1.11604;0.0074323;0.816436;0.855417;0.00264222;0.479858;1.1097;-0.00304957;0.733605;1.19953;0.366408;0.490353;1.20171;0.5015
0.639985;0.318816;0.00270776;0.660278;0.280553;-0.00109193;0.675307;0.282978;-0.0071251;0.689385;0.286046;0.00448168;0.61892;0.276058;-0.00455521;0.603393;0.275628;0.00578317;0.588337;0.27521;0.0117575;0.706769;0.322677;0.00100001;0.563384;0.309997;0.00583464;0.663534;0.386411;0.00111307;0.607137;0.380161;0.00636038;0.780817;0.620613;-0.0634714;0.454922;0.599524;0.0764128;0.906038;1.03109;-0.604714;0.371617;1.01091;-0.223768;0.892151;0.876742;-0.0722951;0.447387;1.01168;-0.0752363;0.88224;0.844335;-0.0106546;0.457084;1.02533;-0.00514345;0.871848;0.778443;-0.00824276;0.478392;0.981743;0.00668391;0.858343;0.802168;0.0014412;0.487729;0.987357;-0.0021287;0.721835;1.21476;0.374593;0.469754;1.19973;0.550125
0.639264;0.320889;0.00223301;0.657552;0.282785;-0.000529835;0.67159;0.284475;-0.00699236;0.686565;0.286232;0.00485102;0.617194;0.281187;-0.00401135;0.602147;0.28143;0.00535335;0.587545;0.282373;0.0128114;0.703082;0.323525;0.00189934;0.563187;0.319367;0.00640569;0.664221;0.384863;0.000928128;0.608395;0.38214;0.00588502;0.784719;0.614856;-0.0669976;0.458946;0.604533;0.0787309;0.898455;1.00677;-0.563202;0.370183;0.995091;-0.103195;0.899839;0.915974;-0.0527415;0.404288;1.07911;-0.080491;0.894838;0.898232;-0.010428;0.399244;1.11484;-0.00540469;0.885697;0.838751;-0.00735536;0.422845;1.08581;0.00696669;0.872792;0.857864;0.00266201;0.437988;1.0829;-0.00243284;0.730482;1.20844;0.340033;0.482613;1.2011;0.518146
0.635762;0.323265;0.00245013;0.653563;0.284164;-0.000251641;0.667581;0.285512;-0.00751129;0.682535;0.286906;0.00426395;0.614235;0.283583;-0.00457113;0.599701;0.284208;0.00515258;0.585151;0.285499;0.012258;0.699496;0.321703;0.00140882;0.56138;0.319646;0.00577791;0.660519;0.384419;0.000371405;0.605753;0.383087;0.00628988;0.779947;0.598721;-0.0743083;0.458206;0.578406;0.0857764;0.896071;0.989382;-0.611786;0.362799;0.962105;-0.19917;0.835177;0.911815;0.0386754;0.426153;0.995829;-0.0793402;0.808268;0.90118;-0.0102832;0.434933;1.02024;-0.0048966;0.80032;0.842176;-0.00785504;0.457445;0.980032;0.00645444;0.79513;0.863239;0.00172515;0.467608;0.985856;-0.000893199;0.706857;1.18401;0.35551;0.463416;1.16017;0.540637
0.632392;0.313034;0.00219139;0.650139;0.279324;0.000635756;0.663089;0.280815;-0.00705449;0.676926;0.28307;0.00538331;0.612563;0.276985;-0.00397676;0.599076;0.276757;0.00545219;0.585551;0.277186;0.0140655;0.694368;0.320168;0.0028421;0.564917;0.312551;0.00682611;0.656773;0.375429;0.000210144;0.604398;0.371387;0.00569144;0.782183;0.593127;-0.0685003;0.457959;0.596856;0.0777807;0.895069;0.949084;-0.470512;0.347598;0.965517;-0.0116149;0.884295;0.958437;0.0131447;0.349388;1.11403;-0.104462;0.878846;0.972376;-0.00991109;0.334681;1.16795;-0.00518393;0.864891;0.923099;-0.00642372;0.363779;1.14747;0.00728287;0.855967;0.932665;0.00424502;0.382878;1.13907;-0.00232189;0.742543;1.17518;0.296274;0.499944;1.18433;0.474688
0.623581;0.316855;0.00244939;0.641984;0.277711;-0.00179803;0.65685;0.278236;-0.00749695;0.671715;0.278761;0.00377751;0.602507;0.278732;-0.00474275;0.588579;0.280181;0.00575516;0.574186;0.281633;0.0122651;0.693233;0.312255;-4.04546e-05;0.557626;0.317457;0.00577331;0.652652;0.377365;0.000144696;0.598313;0.378522;0.00570799;0.786481;0.595462;-0.0699038;0.470625;0.594384;0.0821544;0.914672;1.00519;-0.613574;0.386506;0.995478;-0.238509;0.909317;0.848012;-0.137137;0.477357;0.953691;-0.179288;0.901754;0.819014;-0.0108862;0.495543;0.969379;-0.00559187;0.891231;0.751729;-0.00794691;0.519915;0.914987;0.00628859;0.879251;0.772978;0.0014406;0.524113;0.918912;-0.00127913;0.756629;1.18499;0.362524;0.510938;1.18988;0.565269
0.628952;0.314757;0.00255736;0.645161;0.277543;-0.00165795;0.659038;0.27787;-0.00868346;0.672914;0.278198;0.00340078;0.605867;0.278478;-0.00353081;0.592014;0.280122;0.0057071;0.578169;0.282425;0.0130758;0.691799;0.311289;0.000370239;0.558716;0.319058;0.00719166;0.655551;0.374628;0.000577934;0.602389;0.375893;0.00539646;0.780246;0.597237;-0.0775587;0.47131;0.593406;0.0846095;0.91528;0.991246;-0.570999;0.354791;0.948021;-0.151881;0.949668;0.848375;-0.141825;0.395501;0.910224;-0.325261;0.953982;0.821967;-0.0108074;0.40501;0.932359;-0.00675099;0.943054;0.757777;-0.00726391;0.432498;0.871201;0.00607914;0.928477;0.776538;0.00173019;0.440356;0.871014;-0.000851549;0.755724;1.18576;0.322718;0.512101;1.19156;0.520603
0.622767;0.318975;0.00266549;0.639688;0.281045;-0.00162991;0.653527;0.281256;-0.00957414;0.667376;0.282123;0.0030509;0.60143;0.282275;-0.0030581;0.587623;0.284031;0.00560833;0.573816;0.285787;0.0127223;0.688168;0.313593;0.000114814;0.556381;0.320453;0.00747056;0.650428;0.37646;0.000750118;0.59742;0.378164;0.00534538;0.774581;0.585634;-0.0923843;0.471275;0.56587;0.0983204;0.904385;0.976309;-0.586003;0.336033;0.906691;-0.18085;0.930082;0.852175;-0.121027;0.369981;0.837386;-0.37968;0.932515;0.831108;-0.010806;0.3757;0.849009;-0.00728686;0.919551;0.769871;-0.00680419;0.408432;0.790238;0.00560112;0.905973;0.786049;0.000838817;0.418216;0.796482;0.000423011;0.730301;1.16556;0.310752;0.492584;1.15221;0.53206
0.616617;0.320324;0.00261247;0.636504;0.283222;-0.00195757;0.650231;0.284354;-0.00874642;0.664862;0.28617;0.00312781;0.598026;0.282528;-0.00363778;0.584265;0.28335;0.00639877;0.570962;0.284188;0.0129407;0.687207;0.318884;-1.49999e-05;0.554829;0.316207;0.00707873;0.643973;0.381237;-2.3094e-05;0.591779;0.378759;0.00565797;0.775816;0.600254;-0.0806789;0.463817;0.57109;0.0889243;0.913878;0.989579;-0.591836;0.303055;0.884791;-0.207051;0.901927;0.832757;-0.12746;0.354931;0.773213;-0.366691;0.893242;0.805082;-0.0104213;0.363677;0.770912;-0.00683895;0.879669;0.742045;-0.00644529;0.399907;0.716135;0.00569734;0.870105;0.765171;0.00101994;0.407857;0.733357;0.000259458;0.730025;1.18126;0.330274;0.482325;1.16998;0.534118
0.619591;0.31878;0.00279843;0.635946;0.281736;-0.00142155;0.649664;0.28233;-0.0100143;0.662453;0.283535;0.0031183;0.599324;0.282101;-0.0033381;0.586021;0.283477;0.00623661;0.572719;0.284854;0.0130093;0.681003;0.314933;0.000561563;0.555104;0.316637;0.00796999;0.644914;0.375858;0.000338412;0.594116;0.375609;0.00573267;0.76767;0.584918;-0.0778843;0.466504;0.564054;0.0849751;0.898609;0.967479;-0.548507;0.31953;0.908534;-0.227591;0.890639;0.869495;-0.0677056;0.329053;0.763139;-0.371237;0.882771;0.85223;-0.0101501;0.334473;0.745148;-0.00701216;0.868478;0.793027;-0.00700859;0.357413;0.678446;0.00575769;0.861742;0.808357;0.000906452;0.36991;0.693308;0.00110615;0.717843;1.15883;0.310394;0.484809;1.14092;0.485833
0.614595;0.326409;0.00332995;0.63241;0.286655;-0.00191574;0.646011;0.287359;-0.0101582;0.659612;0.288062;0.00369325;0.593353;0.287216;-0.00261575;0.579718;0.287802;0.00746447;0.566067;0.289032;0.0128874;0.679758;0.316869;0.000237695;0.548064;0.318447;0.00897438;0.640816;0.383939;0.00107838;0.588611;0.38382;0.00638698;0.766193;0.593811;-0.0602828;0.454201;0.580247;0.0674283;0.910675;0.979646;-0.609293;0.296698;0.951746;-0.289902;0.91015;0.787212;-0.110244;0.299158;0.749135;-0.379731;0.909426;0.744561;-0.00995262;0.300214;0.707867;-0.00706395;0.893616;0.688216;-0.00680167;0.322752;0.643176;0.00553987;0.881069;0.717267;0.00100306;0.337994;0.6685;0.000654382;0.708595;1.17709;0.351149;0.461601;1.16043;0.475911
0.615239;0.323623;0.00283481;0.632385;0.283035;-0.001522;0.646004;0.283534;-0.0101266;0.659595;0.284677;0.00338617;0.595046;0.284421;-0.00281354;0.581827;0.285249;0.00696381;0.568608;0.286077;0.012871;0.679418;0.310916;0.00058017;0.552424;0.31446;0.0090487;0.642065;0.378254;0.000699838;0.590655;0.379103;0.00603483;0.77024;0.575905;-0.0700636;0.461033;0.577055;0.0764743;0.889069;0.976451;-0.569132;0.304025;0.963453;-0.277304;0.918206;0.822422;-0.115562;0.29701;0.749482;-0.42821;0.924076;0.790586;-0.0102117;0.30195;0.707221;-0.00772969;0.913963;0.727661;-0.0069709;0.32017;0.629868;0.00607383;0.901379;0.746;0.00120998;0.335169;0.651821;0.000765434;0.729494;1.16218;0.319966;0.486302;1.16113;0.464065
0.610672;0.318591;0.00312303;0.63005;0.280911;-0.00211035;0.642728;0.282432;-0.0102118;0.657224;0.283341;0.00348243;0.591976;0.28086;-0.00276009;0.578822;0.281909;0.00722688;0.565668;0.282958;0.0129241;0.67782;0.311438;0.000246753;0.550903;0.311697;0.00912832;0.637357;0.375163;0.00118619;0.586594;0.37488;0.00584949;0.766954;0.57995;-0.0753494;0.460114;0.577566;0.0805615;0.90657;0.980248;-0.609593;0.304267;0.97053;-0.324512;0.922831;0.785862;-0.113421;0.300041;0.735802;-0.39227;0.925028;0.743355;-0.010403;0.30727;0.68823;-0.00727999;0.912909;0.679959;-0.00708171;0.321565;0.611134;0.0058247;0.900905;0.704236;0.000753316;0.336299;0.6359;0.00091354;0.725417;1.16388;0.322473;0.480694;1.15941;0.483142
0.612026;0.32383;0.0031089;0.630294;0.287055;-0.0019163;0.642964;0.288116;-0.0102698;0.655633;0.289177;0.00339201;0.593602;0.286494;-0.00284703;0.580901;0.287365;0.00688666;0.568211;0.287592;0.0126904;0.67514;0.315594;0.000698486;0.551921;0.314122;0.00871272;0.636054;0.37875;0.00105989;0.587598;0.377157;0.0067451;0.757944;0.573501;-0.0715136;0.45986;0.570146;0.0758735;0.891986;0.968416;-0.663157;0.3008;0.961871;-0.349924;0.879053;0.760493;-0.0564522;0.297901;0.722057;-0.362834;0.874415;0.711365;-0.00978146;0.302856;0.66809;-0.00686896;0.863561;0.654301;-0.00718746;0.317593;0.59769;0.00593116;0.853117;0.6836;0.000682119;0.333909;0.625291;0.00103424;0.713138;1.15586;0.326369;0.472693;1.14667;0.46566
0.610597;0.31675;0.00319636;0.626477;0.279669;-0.00155761;0.640015;0.280383;-0.0103441;0.652651;0.281049;0.00312404;0.589355;0.282209;-0.00302525;0.576201;0.284086;0.00718299;0.563048;0.285964;0.0130747;0.672639;0.311667;0.000641212;0.546383;0.318505;0.00906693;0.636702;0.372756;0.000705157;0.586929;0.375272;0.0060752;0.766762;0.583992;-0.0552907;0.457072;0.589509;0.0625442;0.90621;0.95511;-0.579381;0.29913;0.979648;-0.375943;0.910193;0.80236;-0.0943808;0.305439;0.720333;-0.37233;0.910261;0.765087;-0.0100759;0.314684;0.660408;-0.00709832;0.897159;0.712981;-0.00721121;0.329261;0.586624;0.00620926;0.887498;0.736893;0.000849805;0.344319;0.615697;0.000950793;0.731711;1.16571;0.337558;0.488625;1.16445;0.444809
0.608728;0.31933;0.00274591;0.62464;0.282117;-0.00203603;0.638201;0.282183;-0.00962039;0.650859;0.282244;0.00277239;0.587565;0.284509;-0.00333217;0.573998;0.286372;0.00567193;0.560884;0.288238;0.0121279;0.671589;0.309348;0.000142151;0.543185;0.317084;0.00716231;0.634366;0.373461;0.000357586;0.584632;0.376434;0.00696807;0.756878;0.561147;-0.0679784;0.460364;0.544924;0.0745333;0.889753;0.951408;-0.720582;0.304432;0.909997;-0.384702;0.832383;0.745392;-0.0580896;0.345638;0.692885;-0.329099;0.814417;0.696442;-0.00980404;0.361106;0.651813;-0.00623347;0.801889;0.642375;-0.00735303;0.379801;0.585038;0.00583792;0.793678;0.673196;-0.000184201;0.391037;0.612096;0.00151334;0.7112;1.13571;0.359161;0.471198;1.11783;0.494101
0.604495;0.312773;0.00260787;0.622161;0.277394;-0.00220801;0.636515;0.278247;-0.00877592;0.649954;0.279685;0.00264646;0.582574;0.278876;-0.00332517;0.568593;0.280602;0.00697304;0.554612;0.282327;0.0123466;0.670473;0.315416;0.000312173;0.535525;0.320177;0.00773067;0.631872;0.375113;-0.000216702;0.578379;0.375768;0.00614174;0.758746;0.583967;-0.0651565;0.453525;0.587556;0.0732941;0.896354;0.947479;-0.675697;0.293877;0.928289;-0.382521;0.892746;0.733808;-0.159159;0.349221;0.696393;-0.368378;0.891554;0.68261;-0.0103193;0.365374;0.651339;-0.00648549;0.878774;0.628167;-0.00676609;0.390088;0.590177;0.00625048;0.866996;0.661978;0.00081507;0.4013;0.621519;0.000402493;0.737389;1.15788;0.371746;0.491381;1.16499;0.515864
0.606609;0.316127;0.00257061;0.623058;0.280397;-0.0020442;0.635643;0.28059;-0.00906118;0.649126;0.280751;0.00235127;0.585359;0.28301;-0.00399015;0.571921;0.285403;0.00556234;0.558921;0.287142;0.0119529;0.668545;0.312016;0.000614139;0.54063;0.320382;0.0061835;0.632751;0.372078;0.00010073;0.582928;0.375121;0.00714858;0.75935;0.570814;-0.0564025;0.456349;0.562375;0.0647969;0.892674;0.948248;-0.704343;0.293093;0.91325;-0.426739;0.818031;0.740003;-0.0812488;0.359254;0.688514;-0.323648;0.796525;0.692196;-0.00973498;0.380609;0.650692;-0.00583256;0.781215;0.639057;-0.00766445;0.404649;0.586574;0.00605365;0.775488;0.671213;-0.000444154;0.412787;0.615043;0.0010879;0.728014;1.14196;0.379797;0.484378;1.13653;0.492322
0.608691;0.312302;0.00257712;0.621761;0.278694;-0.0021895;0.635172;0.278145;-0.00931673;0.647687;0.278226;0.00255966;0.584198;0.283537;-0.00329648;0.570777;0.287265;0.00655803;0.557805;0.290359;0.0119288;0.667251;0.310774;-0.000375393;0.539359;0.327747;0.00738913;0.634883;0.368414;0.000154195;0.585247;0.375086;0.00566058;0.759358;0.581546;-0.0488325;0.459929;0.565625;0.0584985;0.892264;0.95366;-0.569899;0.303797;0.887558;-0.350879;0.904422;0.785911;-0.176892;0.368316;0.699804;-0.338364;0.907222;0.749058;-0.0104202;0.385837;0.671946;-0.00701549;0.893101;0.691753;-0.00681644;0.414188;0.612372;0.00521709;0.880509;0.715829;-0.000355314;0.420815;0.636572;0.000457019;0.719984;1.15343;0.351773;0.478662;1.13789;0.463518
0.609731;0.31826;0.00263718;0.624192;0.281397;-0.00205094;0.637558;0.281241;-0.00782803;0.650024;0.281687;0.00254672;0.586295;0.28321;-0.00497863;0.572894;0.285265;0.00523608;0.559505;0.286687;0.0119264;0.666426;0.311417;0.00163519;0.538011;0.31823;0.00505865;0.632341;0.374821;-0.000763668;0.583737;0.377518;0.00902485;0.747393;0.569634;-0.0296143;0.453311;0.573693;0.0391054;0.875651;0.924575;-0.794911;0.295236;0.922833;-0.437312;0.711314;0.645004;-0.0342346;0.373812;0.686158;-0.252278;0.666957;0.583864;-0.00841948;0.396922;0.638834;-0.00374006;0.65;0.535108;-0.00814811;0.416672;0.579986;0.00661382;0.652778;0.579556;0.000678864;0.423636;0.614447;0.00099416;0.714116;1.14181;0.438426;0.473603;1.13955;0.464477
0.603812;0.316127;0.00273683;0.621889;0.279782;-0.00176324;0.634323;0.280625;-0.00789291;0.64764;0.282114;0.00248866;0.584117;0.280406;-0.00461634;0.571224;0.281451;0.00505368;0.55833;0.282496;0.0118845;0.666948;0.310877;0.00158709;0.539423;0.311876;0.0055535;0.628219;0.37278;-0.000294596;0.579346;0.372584;0.00839966;0.748366;0.563125;-0.0543687;0.455151;0.55942;0.0624213;0.867019;0.931643;-0.782821;0.304622;0.919585;-0.382747;0.728003;0.660094;-0.00636917;0.350995;0.687828;-0.283228;0.68763;0.60001;-0.00840661;0.366946;0.640074;-0.00442197;0.675631;0.547359;-0.00797621;0.382569;0.578411;0.00665725;0.675297;0.587163;0.00075059;0.393855;0.610198;0.000956243;0.71426;1.13379;0.394965;0.473065;1.12591;0.483376
0.605266;0.321522;0.00254992;0.619045;0.287303;-0.00183421;0.631443;0.287039;-0.00954273;0.644717;0.287431;0.00268822;0.582247;0.291254;-0.0031619;0.56937;0.294022;0.00642752;0.556492;0.29679;0.0120944;0.662861;0.318185;0.000157101;0.538289;0.330879;0.00779323;0.631034;0.375795;0.000157857;0.581829;0.380639;0.00603336;0.752937;0.576442;-0.0593586;0.458273;0.566491;0.0667162;0.882161;0.942878;-0.604982;0.301515;0.904345;-0.358917;0.881837;0.782961;-0.126019;0.340789;0.700268;-0.345419;0.8806;0.746411;-0.010089;0.35548;0.664187;-0.00672832;0.86723;0.691874;-0.00675598;0.37723;0.599355;0.00564612;0.857147;0.7155;0.000121229;0.38704;0.624827;0.000587345;0.715475;1.14194;0.3317;0.478847;1.12866;0.453183
0.605572;0.314404;0.00257464;0.620528;0.281664;-0.00199239;0.632829;0.282627;-0.00916497;0.645138;0.282964;0.00248533;0.583118;0.283766;-0.00368591;0.570335;0.285918;0.00633785;0.557561;0.287444;0.0121123;0.663178;0.314731;0.000662125;0.537752;0.321302;0.00652334;0.628988;0.371337;0.000207719;0.581019;0.373776;0.00672602;0.751975;0.577358;-0.0416889;0.452198;0.566017;0.0509776;0.901977;0.931729;-0.667023;0.289878;0.893691;-0.417714;0.838473;0.749855;-0.0748038;0.343787;0.680008;-0.2924;0.820585;0.706833;-0.00937108;0.35887;0.63789;-0.00573326;0.801835;0.662537;-0.00722755;0.382036;0.583484;0.00595998;0.796136;0.693654;0.000121518;0.391301;0.61376;0.000763032;0.720646;1.13692;0.365829;0.479702;1.13282;0.449592
0.600445;0.318428;0.00292491;0.616766;0.286022;-0.00134666;0.629061;0.286701;-0.0100391;0.641355;0.288005;0.00250119;0.581192;0.286488;-0.00277395;0.568452;0.288305;0.00611744;0.556152;0.290124;0.0124476;0.660613;0.317447;-0.000448172;0.539834;0.321281;0.00804908;0.625358;0.372878;0.000329374;0.577486;0.373914;0.00509501;0.752282;0.570191;-0.068949;0.451933;0.551365;0.0769089;0.882369;0.926788;-0.507675;0.296622;0.880459;-0.315101;0.897521;0.826921;-0.112756;0.326469;0.688217;-0.400958;0.898446;0.805689;-0.0103067;0.349374;0.657089;-0.00721192;0.884503;0.755659;-0.0069546;0.364921;0.57721;0.00517735;0.873057;0.7681;-1.12177e-05;0.371906;0.595979;0.00119655;0.709777;1.12589;0.296876;0.476175;1.10986;0.451462
0.598018;0.325802;0.00257367;0.613882;0.29106;-0.00162279;0.626942;0.291529;-0.0100838;0.640872;0.292031;0.00260089;0.577684;0.293474;-0.00270806;0.565015;0.295497;0.00656601;0.551911;0.297503;0.0125945;0.661217;0.323739;-0.000874335;0.536516;0.330404;0.00847118;0.624463;0.381891;0.000162662;0.574759;0.38444;0.00429343;0.754954;0.588552;-0.0756623;0.451729;0.566491;0.0851336;0.887981;0.946469;-0.444176;0.289897;0.872911;-0.314842;0.922146;0.886984;-0.15372;0.331707;0.677405;-0.420225;0.926587;0.882188;-0.0107302;0.35533;0.647279;-0.00764788;0.912755;0.827172;-0.00633807;0.376242;0.573688;0.00500786;0.901282;0.835433;0.000243674;0.381984;0.593719;0.00111248;0.703295;1.14179;0.285666;0.469288;1.12222;0.472916
0.599281;0.331656;0.00271115;0.616516;0.292597;-0.00213031;0.629528;0.292775;-0.00898864;0.643406;0.293006;0.00281615;0.578309;0.293347;-0.00336481;0.565241;0.295017;0.00593033;0.55174;0.29666;0.0126058;0.663414;0.320148;-0.000194743;0.533974;0.324579;0.00732909;0.624966;0.386299;-1.47512e-05;0.575028;0.387566;0.00662463;0.754551;0.578121;-0.0498812;0.448927;0.568698;0.0583618;0.900598;0.943128;-0.652005;0.285465;0.909232;-0.361117;0.843469;0.73722;-0.103339;0.323834;0.673368;-0.357649;0.82496;0.689187;-0.00965923;0.349033;0.629241;-0.00599807;0.809199;0.636385;-0.00703105;0.363524;0.551753;0.00595066;0.803975;0.665688;0.000740022;0.373155;0.577643;0.00114051;0.71673;1.14048;0.365452;0.474433;1.13184;0.466894
0.596336;0.32819;0.00309394;0.614062;0.291419;-0.00215999;0.627966;0.292294;-0.00971994;0.640995;0.293772;0.00297338;0.577103;0.291972;-0.00251319;0.564052;0.292968;0.00659203;0.551435;0.293971;0.0127154;0.66335;0.321391;-0.00114452;0.53639;0.322754;0.00853806;0.622783;0.383709;0.000542119;0.573219;0.384029;0.00512148;0.756572;0.586516;-0.0656419;0.445902;0.567169;0.0729777;0.898375;0.958888;-0.50992;0.283188;0.912889;-0.316689;0.920686;0.801013;-0.193774;0.318247;0.692181;-0.412109;0.923566;0.771387;-0.0106437;0.342058;0.655523;-0.00739014;0.908482;0.709277;-0.00662939;0.358887;0.574217;0.00498903;0.895272;0.727582;0.000256414;0.366954;0.595388;0.000868155;0.710559;1.14957;0.31582;0.464633;1.13389;0.473404
0.598987;0.32868;0.0027468;0.61651;0.290508;-0.00189587;0.630428;0.291834;-0.00946913;0.64349;0.292497;0.00299016;0.579004;0.291085;-0.00279104;0.565911;0.291661;0.00638877;0.552803;0.292856;0.0126005;0.664592;0.320228;-0.000391427;0.536398;0.321165;0.00833229;0.625501;0.383967;0.000168271;0.574933;0.383882;0.00563995;0.755815;0.576584;-0.0624649;0.445128;0.570743;0.0699259;0.88601;0.947762;-0.520632;0.289951;0.934883;-0.319568;0.899161;0.805824;-0.175686;0.321635;0.714523;-0.398207;0.900684;0.779861;-0.0103609;0.341817;0.674626;-0.0071546;0.884791;0.718292;-0.00670531;0.359044;0.596137;0.00555145;0.874777;0.735145;0.000619901;0.369806;0.619003;0.000873052;0.719912;1.13898;0.332856;0.475405;1.1365;0.474886
0.59541;0.322314;0.00326457;0.61343;0.28582;-0.00175758;0.62652;0.286533;-0.00882372;0.63961;0.287246;0.00284862;0.575456;0.287415;-0.00364132;0.562357;0.289185;0.00605523;0.549261;0.290335;0.0121241;0.661329;0.31657;0.000799096;0.533008;0.320634;0.00699624;0.620964;0.378355;0.000377386;0.57208;0.379873;0.00720081;0.748605;0.569802;-0.0585339;0.451401;0.570817;0.0661711;0.887828;0.945052;-0.728809;0.304334;0.945917;-0.351094;0.794401;0.703571;-0.0261302;0.329999;0.718928;-0.304834;0.767542;0.646279;-0.00891919;0.344128;0.671855;-0.00528128;0.754627;0.595292;-0.00740538;0.356152;0.602423;0.00613024;0.74926;0.632496;0.00074497;0.36915;0.629824;0.0012419;0.712614;1.13127;0.375533;0.470857;1.12584;0.482236
0.597649;0.323759;0.003407;0.614314;0.286419;-0.00173415;0.627387;0.286797;-0.00925561;0.64047;0.286556;0.00316182;0.576774;0.289673;-0.00313458;0.563665;0.291774;0.00647007;0.550991;0.293887;0.0122523;0.66186;0.315077;0.000337763;0.535731;0.324448;0.00811143;0.624341;0.377856;0.00054953;0.575462;0.381402;0.006293;0.750515;0.578681;-0.057536;0.455433;0.573863;0.0650004;0.877764;0.948189;-0.615025;0.311621;0.935528;-0.279398;0.851892;0.745305;-0.087775;0.321066;0.732427;-0.345216;0.842124;0.696659;-0.0094463;0.330332;0.694252;-0.00625554;0.831574;0.64179;-0.00691617;0.345741;0.622773;0.00553361;0.822451;0.670048;0.000943268;0.358513;0.644224;0.000913472;0.705858;1.14039;0.34587;0.469768;1.12612;0.455929
0.598216;0.328969;0.00290587;0.614044;0.288928;-0.00186078;0.626249;0.288324;-0.00766062;0.640176;0.288428;0.0028192;0.575628;0.293125;-0.00476155;0.562072;0.295517;0.00541409;0.548516;0.297909;0.0122556;0.659492;0.316053;0.00154725;0.530751;0.328562;0.00598507;0.624674;0.383587;-0.000635977;0.574939;0.387815;0.00810244;0.746763;0.579377;-0.0408113;0.4529;0.580218;0.0505179;0.867822;0.950943;-0.759128;0.294154;0.913732;-0.294298;0.733631;0.683946;-0.027271;0.330937;0.71876;-0.320618;0.692582;0.62114;-0.00859865;0.350053;0.68632;-0.00425174;0.679181;0.566581;-0.0074567;0.368414;0.615455;0.0064167;0.679051;0.605579;0.00148777;0.37781;0.63947;0.00121248;0.710616;1.13966;0.409799;0.474732;1.13732;0.463743
0.597285;0.323354;0.00260131;0.611971;0.287187;-0.00125738;0.625008;0.286824;-0.00961788;0.638907;0.287096;0.00273027;0.575884;0.290189;-0.00305946;0.562829;0.292405;0.00624789;0.549768;0.295239;0.0123329;0.658613;0.315903;-0.000495063;0.533821;0.327056;0.00777168;0.624136;0.377016;5.24307e-06;0.575006;0.380998;0.00503971;0.756906;0.574241;-0.0558203;0.450315;0.56145;0.0675491;0.896038;0.922352;-0.461767;0.286473;0.882011;-0.288658;0.899253;0.859392;-0.129125;0.339691;0.724877;-0.37619;0.897599;0.850709;-0.0103509;0.365074;0.705601;-0.0073237;0.880702;0.800949;-0.00644812;0.388776;0.635627;0.00518225;0.871884;0.81437;0.000123341;0.394678;0.654279;0.0010563;0.720288;1.12652;0.319284;0.482754;1.1157;0.453513
0.599135;0.320905;0.00301769;0.613545;0.285847;-0.00152663;0.62655;0.285924;-0.00953739;0.639558;0.285386;0.00266884;0.576683;0.289942;-0.00345121;0.563671;0.292331;0.00647906;0.550656;0.295335;0.0124975;0.659408;0.316333;-1.13513e-05;0.534081;0.329764;0.00770171;0.626284;0.375941;0.000100441;0.576847;0.381195;0.00566621;0.754853;0.585726;-0.047714;0.452293;0.572817;0.0582539;0.896003;0.939245;-0.533227;0.293528;0.898647;-0.292191;0.872087;0.817022;-0.104965;0.335226;0.725025;-0.362638;0.86263;0.789836;-0.0098964;0.356544;0.699257;-0.00649938;0.845435;0.740408;-0.00677033;0.378432;0.627866;0.00531398;0.838437;0.76133;0.000507605;0.385302;0.650104;0.00104993;0.713332;1.13915;0.34443;0.47667;1.1254;0.448691
0.596537;0.325917;0.00278732;0.612187;0.288767;-0.00165497;0.625183;0.2885;-0.00891673;0.639036;0.288872;0.00273658;0.575333;0.292089;-0.00325075;0.562313;0.294203;0.00587909;0.548861;0.296306;0.0120964;0.660297;0.31839;4.20456e-05;0.532843;0.328519;0.00706979;0.623099;0.380214;-0.000191015;0.573683;0.383815;0.00584188;0.748649;0.578827;-0.0601304;0.452705;0.558564;0.0701972;0.87731;0.934579;-0.607041;0.293158;0.86593;-0.282954;0.838562;0.786953;-0.0797229;0.343286;0.710835;-0.340108;0.825166;0.752103;-0.00978946;0.361746;0.69039;-0.00613955;0.810235;0.70243;-0.00657592;0.387271;0.627021;0.00525667;0.802966;0.728103;0.000313743;0.393487;0.648129;0.00127696;0.704147;1.12579;0.345736;0.47224;1.10971;0.475414
0.595321;0.329249;0.0027275;0.612132;0.291378;-0.00167017;0.625917;0.292008;-0.0095698;0.638855;0.291986;0.00312483;0.574557;0.293955;-0.00284872;0.561133;0.296408;0.00697026;0.548154;0.298268;0.0123848;0.661453;0.322458;-0.000623367;0.53276;0.330683;0.00825656;0.622952;0.385096;0.000321154;0.572425;0.388307;0.00459297;0.755389;0.592927;-0.0644901;0.449264;0.571579;0.0749421;0.890941;0.968334;-0.463768;0.289026;0.888085;-0.255159;0.913027;0.86876;-0.144604;0.32378;0.724079;-0.388557;0.914276;0.851644;-0.0104049;0.338522;0.701447;-0.00743495;0.900958;0.792158;-0.00613855;0.364627;0.633949;0.00501724;0.889398;0.807576;0.000413123;0.372772;0.655174;0.000826667;0.704217;1.14011;0.31938;0.467394;1.12439;0.478423
0.600108;0.328386;0.00236327;0.61541;0.289407;-0.0019478;0.628352;0.288908;-0.00889463;0.642155;0.288457;0.00295871;0.577394;0.292789;-0.00281237;0.563971;0.2951;0.00612935;0.550547;0.297411;0.0120636;0.662938;0.315977;-0.000424925;0.533745;0.328338;0.00771047;0.627492;0.382018;0.000117217;0.576947;0.386536;0.00522105;0.756607;0.574359;-0.0549825;0.451825;0.562766;0.0648056;0.880123;0.93738;-0.498637;0.298356;0.875305;-0.259223;0.895771;0.808326;-0.185159;0.333094;0.710549;-0.395508;0.898137;0.785169;-0.0100384;0.344496;0.687899;-0.00727987;0.882523;0.726681;-0.006237;0.371648;0.625683;0.00518405;0.87086;0.743188;0.000484427;0.381861;0.645869;0.000755236;0.713701;1.12661;0.33996;0.475989;1.12063;0.467634
0.597502;0.326953;0.00279845;0.614777;0.290083;-0.00229423;0.627674;0.291042;-0.00914329;0.641441;0.291413;0.00284047;0.576018;0.2921;-0.002864;0.562658;0.293577;0.00651459;0.549289;0.295665;0.0122762;0.663412;0.321995;-0.000377749;0.53208;0.32764;0.00771801;0.623847;0.384583;0.000573136;0.573044;0.386276;0.00537168;0.752792;0.590643;-0.0590011;0.447054;0.572621;0.0669611;0.893329;0.960433;-0.579577;0.293842;0.896557;-0.317111;0.887087;0.78277;-0.155113;0.330449;0.700462;-0.357341;0.882413;0.745921;-0.00999038;0.344225;0.667781;-0.00657846;0.866814;0.689193;-0.00653812;0.365307;0.603471;0.00529773;0.855287;0.714589;0.000465568;0.374876;0.628211;0.000790373;0.704977;1.14388;0.343788;0.462429;1.13123;0.483196
0.595491;0.335897;0.00264104;0.613489;0.292069;-0.00144011;0.628171;0.291634;-0.00974895;0.64196;0.292378;0.0031615;0.575059;0.293063;-0.00256356;0.561221;0.294157;0.00620173;0.547384;0.295252;0.0123765;0.664622;0.316307;-0.0004194;0.5316;0.320789;0.00846211;0.622986;0.38893;0.000432875;0.571166;0.39043;0.00561558;0.757217;0.565553;-0.0689905;0.444682;0.55421;0.078315;0.892412;0.932471;-0.523034;0.294754;0.917401;-0.263026;0.883127;0.827643;-0.122243;0.308506;0.725444;-0.418902;0.877552;0.810159;-0.00987022;0.321917;0.691801;-0.00740435;0.861756;0.755302;-0.00627247;0.339058;0.615402;0.00558863;0.853575;0.770816;0.000697737;0.35229;0.636981;0.00148474;0.70873;1.12139;0.336329;0.467039;1.10712;0.491557
0.596106;0.329592;0.00265779;0.615163;0.289936;-0.00209453;0.628971;0.29058;-0.00924831;0.643627;0.291879;0.00338801;0.575424;0.289924;-0.00295629;0.561573;0.29112;0.00743372;0.547723;0.292317;0.0125672;0.665385;0.322382;-0.000276994;0.531008;0.324097;0.00852652;0.623239;0.389221;0.000666556;0.570109;0.389198;0.00496481;0.75561;0.605502;-0.0745261;0.44036;0.583416;0.082405;0.889717;1.00862;-0.51893;0.284033;0.937348;-0.281051;0.911436;0.853595;-0.162867;0.30395;0.729404;-0.42352;0.911224;0.825326;-0.0104963;0.314723;0.693047;-0.00722461;0.900616;0.760939;-0.00640838;0.336271;0.620332;0.00549772;0.888137;0.777558;0.000806528;0.34698;0.642948;0.000521103;0.703833;1.16459;0.331563;0.455436;1.14685;0.511159
0.598053;0.335459;0.00271699;0.616831;0.290907;-0.0018249;0.630749;0.290552;-0.00969434;0.645516;0.290868;0.00300531;0.577225;0.292728;-0.00232522;0.563287;0.2937;0.00565786;0.548896;0.295262;0.0123672;0.668225;0.315175;-0.000685184;0.532885;0.320828;0.00835789;0.625927;0.389144;0.000616072;0.573723;0.390785;0.00566464;0.758494;0.569365;-0.071422;0.44608;0.553306;0.0789115;0.88826;0.950293;-0.590914;0.288705;0.916066;-0.299364;0.879242;0.79396;-0.146317;0.310679;0.699883;-0.427446;0.873267;0.762677;-0.0100675;0.328753;0.663941;-0.00736743;0.861163;0.705045;-0.00660762;0.343484;0.582047;0.00572909;0.851003;0.724182;0.000382872;0.355406;0.603817;0.00163494;0.704403;1.13151;0.345387;0.459451;1.1123;0.501473
0.593909;0.33106;0.00314488;0.612328;0.290285;-0.00144423;0.625787;0.291248;-0.0101818;0.640571;0.291688;0.00337412;0.573535;0.29184;-0.00270168;0.56001;0.292728;0.00745126;0.546029;0.294203;0.0129327;0.662142;0.321709;-0.000186048;0.529697;0.325224;0.00923766;0.621487;0.38813;0.000487779;0.569234;0.388721;0.00524034;0.754248;0.59697;-0.0639029;0.440822;0.585666;0.0730319;0.895043;0.972288;-0.502094;0.289594;0.959881;-0.299735;0.903189;0.865158;-0.114656;0.299635;0.737744;-0.4095;0.902108;0.846509;-0.0102022;0.312541;0.692859;-0.00722711;0.886665;0.790927;-0.00656485;0.328799;0.614786;0.00555618;0.87737;0.807595;0.00127527;0.341861;0.639245;0.00118358;0.702225;1.15657;0.334295;0.459962;1.13922;0.478185
0.603622;0.330807;0.00248018;0.621387;0.290861;-0.000576578;0.635339;0.291686;-0.0108412;0.650163;0.292563;0.00291656;0.583818;0.291124;-0.00266428;0.569812;0.292159;0.0066445;0.555787;0.293814;0.0125799;0.669366;0.322893;7.22454e-06;0.538731;0.324485;0.00916388;0.630785;0.387696;0.000704422;0.577938;0.387677;0.00418989;0.763158;0.58063;-0.0795294;0.446678;0.574959;0.0885297;0.888747;0.945844;-0.3443;0.297172;0.9531;-0.293899;0.926426;0.971677;-0.121967;0.303009;0.738524;-0.474776;0.930897;0.99803;-0.0105616;0.318521;0.700929;-0.00847523;0.91934;0.945169;-0.00678768;0.331886;0.617242;0.00589448;0.909856;0.940881;0.00057189;0.344858;0.636644;0.00173698;0.716358;1.13566;0.291281;0.476886;1.12523;0.481758
0.602718;0.329263;0.00315775;0.62159;0.288978;-0.00173693;0.634631;0.289986;-0.00785868;0.648541;0.29102;0.00279065;0.583293;0.289073;-0.00450378;0.56979;0.289907;0.00532976;0.556732;0.290136;0.0122979;0.668158;0.318219;0.00195787;0.538486;0.317443;0.00604357;0.627117;0.386313;-0.000129696;0.577519;0.385452;0.00846371;0.749572;0.581215;-0.0513397;0.450635;0.5791;0.0603677;0.871229;0.948153;-0.770531;0.300018;0.936053;-0.306951;0.721279;0.670114;0.0161252;0.324093;0.72015;-0.311737;0.677841;0.605687;-0.008151;0.336513;0.67472;-0.00420806;0.663791;0.555136;-0.00759355;0.352252;0.610822;0.00659762;0.66492;0.596637;0.00162561;0.365317;0.639683;0.00113699;0.708177;1.14505;0.401364;0.468499;1.1379;0.482071
0.601383;0.332605;0.00297446;0.619988;0.292392;-0.0014566;0.633052;0.292878;-0.00854903;0.646987;0.293395;0.00286045;0.58295;0.292256;-0.00400566;0.569863;0.29301;0.00514916;0.557223;0.29316;0.0122382;0.668328;0.317738;0.00089336;0.541091;0.317351;0.00652408;0.626121;0.385584;-0.000180693;0.577761;0.385027;0.00776628;0.750977;0.563133;-0.0664864;0.455292;0.552152;0.0736197;0.872137;0.941967;-0.717465;0.290231;0.903003;-0.273787;0.766401;0.719885;-0.00963808;0.321444;0.721953;-0.352634;0.731602;0.669012;-0.00889616;0.342479;0.691747;-0.00527508;0.720432;0.612819;-0.00710604;0.359108;0.616754;0.00617014;0.719841;0.645025;0.00107118;0.368738;0.638183;0.0013545;0.708449;1.12306;0.366138;0.47114;1.113;0.490072
0.600364;0.323948;0.00264957;0.617718;0.286427;-0.00144607;0.631606;0.287059;-0.00910556;0.645495;0.287691;0.00277679;0.579888;0.287796;-0.00357234;0.566392;0.289035;0.00651366;0.552882;0.290892;0.0125659;0.666516;0.318925;0.000378903;0.535639;0.323474;0.00764677;0.626877;0.381384;-0.000269494;0.576013;0.382777;0.00571642;0.755244;0.584956;-0.068502;0.450939;0.57358;0.0772955;0.883278;0.957819;-0.575374;0.283831;0.894703;-0.259461;0.868021;0.824893;-0.100365;0.324362;0.734655;-0.406887;0.859084;0.797298;-0.0101912;0.344799;0.714576;-0.00657134;0.847341;0.739916;-0.00646277;0.369062;0.640296;0.00576391;0.839056;0.760548;0.00104151;0.37643;0.660404;0.000797245;0.719337;1.1382;0.339145;0.481354;1.13355;0.496341
0.600844;0.329318;0.00300916;0.618731;0.290518;-0.0015139;0.631749;0.291198;-0.00799504;0.645635;0.291882;0.0027769;0.581404;0.291572;-0.00419418;0.568381;0.292743;0.00475702;0.555358;0.293915;0.0120638;0.666402;0.319141;0.00112144;0.538366;0.321609;0.00568265;0.626318;0.384376;-0.000476804;0.577275;0.384756;0.00798148;0.746527;0.569513;-0.0551177;0.451872;0.556978;0.0640689;0.870678;0.921325;-0.734758;0.27447;0.876469;-0.293599;0.732334;0.697214;-0.0239105;0.336472;0.719989;-0.318771;0.689918;0.648864;-0.00890373;0.364292;0.701606;-0.004401;0.675292;0.594475;-0.00733049;0.385292;0.631342;0.00593356;0.676945;0.629049;0.000774329;0.389582;0.652349;0.00133081;0.70354;1.12297;0.390815;0.468336;1.11319;0.487379
0.597431;0.333144;0.00261835;0.616438;0.296518;-0.00160882;0.629396;0.297123;-0.00880549;0.643204;0.298383;0.00293573;0.57968;0.296647;-0.00321934;0.56668;0.297884;0.00627324;0.554125;0.298528;0.0123506;0.665876;0.327731;-0.00056216;0.539608;0.327984;0.00742794;0.623813;0.389109;-8.4936e-05;0.574961;0.388672;0.00514554;0.753331;0.585185;-0.0742254;0.45552;0.561437;0.0827608;0.888508;0.948183;-0.5454;0.28835;0.853738;-0.216734;0.887337;0.811604;-0.11647;0.334119;0.7255;-0.381607;0.879294;0.7854;-0.0101695;0.355454;0.719117;-0.00677969;0.869454;0.724672;-0.00612468;0.381316;0.647758;0.00520294;0.860333;0.745156;0.000705233;0.38613;0.663972;0.000522488;0.709551;1.13293;0.314405;0.476305;1.12203;0.498293
0.606999;0.323805;0.00293116;0.624017;0.288361;-0.00154285;0.636912;0.288855;-0.0080292;0.649797;0.289961;0.00238188;0.587455;0.288183;-0.0044211;0.574525;0.289523;0.00504261;0.561606;0.290252;0.0122151;0.669026;0.319452;0.00118926;0.543832;0.320161;0.00577162;0.630888;0.379782;-0.000582453;0.582709;0.379772;0.00749168;0.748379;0.581284;-0.0438347;0.453553;0.566928;0.0545851;0.869225;0.923628;-0.676415;0.282546;0.874228;-0.293916;0.756938;0.719879;-0.0348581;0.345017;0.710212;-0.313911;0.72085;0.671999;-0.00885564;0.372991;0.686812;-0.00467306;0.707998;0.623786;-0.00734386;0.394492;0.619115;0.00598663;0.70735;0.658022;0.000996931;0.39835;0.642511;0.00101877;0.707865;1.13035;0.377339;0.474382;1.12508;0.460547
0.605357;0.323994;0.00278569;0.623937;0.290365;-0.00146332;0.636803;0.292;-0.00861214;0.649668;0.293635;0.00271017;0.58786;0.289209;-0.00324046;0.575395;0.28942;0.00541699;0.562491;0.290229;0.0120288;0.6698;0.324837;0.000512248;0.545696;0.319636;0.00639366;0.629376;0.380989;0.000239133;0.581293;0.378225;0.00598084;0.75001;0.577977;-0.0702933;0.456997;0.547804;0.077865;0.884642;0.922088;-0.621202;0.285785;0.830774;-0.257116;0.826856;0.772339;-0.0625605;0.331139;0.707555;-0.328859;0.807583;0.741164;-0.00933709;0.346775;0.697056;-0.00575261;0.791198;0.690525;-0.00656482;0.373044;0.639229;0.00551432;0.784778;0.715987;0.000364363;0.379606;0.658996;0.000897797;0.702798;1.11671;0.325207;0.470989;1.10195;0.48287
0.598267;0.334322;0.0024951;0.618241;0.296596;-0.00186047;0.63191;0.297435;-0.00898503;0.646414;0.298935;0.00309466;0.580616;0.295503;-0.00237819;0.567338;0.295905;0.00641979;0.554059;0.296307;0.0123052;0.668632;0.328296;-0.000964472;0.538633;0.325182;0.0079429;0.624799;0.390727;0.00033673;0.573932;0.388821;0.00438563;0.754077;0.58673;-0.0834773;0.44915;0.552183;0.0912799;0.8833;0.953752;-0.491672;0.286733;0.841653;-0.213022;0.916667;0.84138;-0.168772;0.323216;0.711213;-0.413218;0.920674;0.82215;-0.0103679;0.336399;0.69985;-0.0074018;0.909704;0.760614;-0.00567159;0.364836;0.637082;0.00486327;0.896373;0.776837;0.000612502;0.372473;0.653375;0.000535678;0.69822;1.12984;0.303981;0.461304;1.11043;0.513904
0.604108;0.338631;0.00279775;0.622661;0.299919;-0.0015331;0.635447;0.300891;-0.00935697;0.649064;0.302534;0.00315289;0.58596;0.298344;-0.00267271;0.572679;0.299158;0.0063358;0.559846;0.299398;0.0123915;0.669418;0.329615;-0.000892013;0.543051;0.325477;0.00824987;0.629403;0.393443;0.000367226;0.579893;0.391502;0.00481187;0.752047;0.587576;-0.0622642;0.449185;0.559682;0.0709076;0.880746;0.939013;-0.425552;0.296833;0.871509;-0.208081;0.905612;0.846068;-0.156114;0.324557;0.725286;-0.395674;0.905216;0.83388;-0.0100039;0.340966;0.709512;-0.00722281;0.893856;0.772224;-0.00620908;0.362881;0.638228;0.00493192;0.883977;0.784847;0.000840327;0.37171;0.653489;0.000566053;0.694075;1.12908;0.314362;0.461357;1.11138;0.474638
0.608605;0.33469;0.00287077;0.625965;0.294838;-0.00151106;0.638695;0.296466;-0.00914123;0.652299;0.297557;0.00323003;0.589758;0.293753;-0.0030188;0.576532;0.293905;0.00599768;0.56373;0.294091;0.012155;0.670919;0.322706;-0.000491491;0.545695;0.318724;0.00783724;0.632499;0.388162;0.000551368;0.583964;0.386087;0.00556856;0.752229;0.573663;-0.0529313;0.451198;0.550724;0.0614738;0.881206;0.934588;-0.489235;0.300174;0.874626;-0.218006;0.871932;0.802833;-0.115815;0.323175;0.724838;-0.357453;0.861838;0.777761;-0.00950714;0.340995;0.705646;-0.00651994;0.850537;0.718627;-0.0066397;0.35762;0.630557;0.0052592;0.842165;0.736152;0.000800024;0.367199;0.647095;0.000631204;0.694935;1.11495;0.334034;0.463102;1.09999;0.461559
0.602631;0.340399;0.00286166;0.622107;0.298392;-0.00138772;0.635692;0.298849;-0.00888674;0.650101;0.299975;0.00297275;0.583448;0.29779;-0.00334911;0.569816;0.298539;0.00595544;0.556208;0.298684;0.0124016;0.671962;0.328284;0.000182895;0.539433;0.325788;0.00744099;0.629377;0.396295;7.49715e-05;0.577557;0.395268;0.00600187;0.753701;0.589191;-0.0647804;0.45139;0.569197;0.0736406;0.879865;0.95453;-0.59252;0.296662;0.899288;-0.231321;0.835109;0.792638;-0.0660006;0.322862;0.727222;-0.382634;0.817011;0.754951;-0.00926476;0.341309;0.700853;-0.00603503;0.807147;0.702188;-0.00642631;0.358228;0.626001;0.0059057;0.801037;0.728311;0.00135705;0.367654;0.646083;0.00100059;0.702986;1.13175;0.354196;0.468484;1.11705;0.50169
0.609188;0.330875;0.00264225;0.627457;0.288386;-0.00140084;0.64105;0.289193;-0.00929355;0.655492;0.290051;0.00292624;0.589155;0.288533;-0.00286313;0.575102;0.288909;0.00601191;0.561049;0.289285;0.011984;0.676004;0.316081;-0.000434286;0.543224;0.31667;0.00804467;0.635681;0.385099;0.000428888;0.583787;0.384439;0.00510514;0.760451;0.570432;-0.0629756;0.452466;0.552751;0.0718506;0.872732;0.949289;-0.445984;0.303596;0.898552;-0.212363;0.901375;0.843266;-0.163365;0.329092;0.740296;-0.433655;0.901836;0.827558;-0.0102036;0.347996;0.719632;-0.0075398;0.892707;0.761656;-0.00648688;0.367363;0.639687;0.0054074;0.881308;0.773083;0.000677585;0.377132;0.654791;0.000811691;0.713004;1.1141;0.33587;0.475834;1.10486;0.48935
0.60828;0.338206;0.00279125;0.628196;0.300327;-0.00140061;0.642618;0.302137;-0.00919237;0.656178;0.304516;0.00278959;0.590843;0.296957;-0.00302206;0.577246;0.296391;0.00625334;0.563649;0.295825;0.0122277;0.675963;0.334976;-0.000377757;0.545631;0.324106;0.0076581;0.633017;0.396694;0.000374644;0.581241;0.391514;0.00489175;0.753194;0.591006;-0.0730076;0.450939;0.565115;0.081403;0.881022;0.950752;-0.467589;0.301106;0.881849;-0.209777;0.895883;0.848552;-0.125186;0.337984;0.743066;-0.397451;0.892833;0.83149;-0.010109;0.359077;0.730639;-0.00690092;0.883029;0.7706;-0.00629983;0.37934;0.655275;0.00532679;0.872533;0.784679;0.000899145;0.386665;0.671306;0.000568712;0.703881;1.12724;0.321999;0.473186;1.11643;0.514348
0.615166;0.324122;0.00297385;0.632144;0.286916;-0.00146623;0.645687;0.288154;-0.00914013;0.659217;0.289995;0.00242909;0.594424;0.285752;-0.00313944;0.580839;0.286321;0.00594109;0.566831;0.286871;0.0119881;0.676326;0.320353;-0.000442932;0.547012;0.318515;0.0075373;0.639273;0.381952;0.000454109;0.58842;0.380172;0.00509331;0.754152;0.585786;-0.0496481;0.452985;0.569259;0.0584439;0.875583;0.946155;-0.465431;0.30595;0.892918;-0.233563;0.910824;0.816311;-0.172735;0.359181;0.755471;-0.394854;0.915703;0.788792;-0.0102595;0.386575;0.744691;-0.0070538;0.906028;0.730432;-0.00690809;0.408725;0.667315;0.00536817;0.892928;0.746708;0.000741808;0.413954;0.679623;0.000109181;0.713653;1.12556;0.33996;0.48132;1.12191;0.47179
0.619143;0.323421;0.00247371;0.63557;0.286935;-0.00173027;0.64828;0.287762;-0.00890802;0.661833;0.289208;0.00236278;0.597;0.286253;-0.00383144;0.583003;0.287211;0.00583492;0.569006;0.288169;0.0115771;0.677659;0.321441;0.000369236;0.545828;0.320919;0.0056859;0.642367;0.382312;0.000266371;0.591082;0.381405;0.00624886;0.75416;0.589875;-0.0436857;0.449538;0.570622;0.0524281;0.885791;0.952732;-0.570113;0.297081;0.892885;-0.337617;0.845487;0.810942;-0.148039;0.38819;0.751008;-0.343128;0.833852;0.784209;-0.00955045;0.407379;0.738084;-0.00602036;0.816503;0.732054;-0.00709992;0.442608;0.684446;0.00586141;0.808653;0.757237;1.05749e-05;0.446222;0.70742;0.000263474;0.71302;1.12572;0.378945;0.474385;1.12271;0.495511
0.619038;0.327172;0.00275666;0.635738;0.285923;-0.00144223;0.650173;0.286917;-0.0088824;0.664607;0.287912;0.00275998;0.595791;0.286051;-0.0031334;0.581332;0.286869;0.00606101;0.566448;0.287675;0.0119361;0.68376;0.317439;-0.00055349;0.545205;0.319133;0.00734889;0.645442;0.38651;0.000928569;0.590628;0.386237;0.0050088;0.767585;0.595297;-0.0508249;0.447862;0.575774;0.0588442;0.88902;0.984166;-0.455459;0.307181;0.927337;-0.227304;0.92919;0.840204;-0.196714;0.370734;0.814226;-0.388117;0.934643;0.813759;-0.0106018;0.394931;0.816089;-0.00725595;0.928686;0.750744;-0.00674478;0.421012;0.740644;0.00555316;0.914017;0.76727;0.000893717;0.425996;0.74924;-0.000494573;0.72029;1.1452;0.357739;0.471426;1.13364;0.496246
0.624627;0.330565;0.0027034;0.640785;0.289789;-0.00092731;0.654467;0.2903;-0.00876851;0.668139;0.29142;0.00264993;0.601852;0.28955;-0.0035054;0.587303;0.289615;0.00593812;0.572742;0.290287;0.0117894;0.683003;0.320577;0.000223682;0.549057;0.321654;0.00707095;0.649237;0.38808;0.000734747;0.595339;0.387282;0.00560062;0.762786;0.587667;-0.0441366;0.447938;0.583806;0.0517021;0.872221;0.963576;-0.422172;0.331304;0.944569;-0.175798;0.914617;0.845888;-0.18724;0.381443;0.870985;-0.395652;0.923394;0.834045;-0.0104594;0.398727;0.885019;-0.00695733;0.914301;0.770417;-0.007091;0.427081;0.809403;0.00560062;0.899561;0.78082;0.00178444;0.434327;0.810891;-0.000759392;0.720094;1.13802;0.353307;0.477497;1.13747;0.467083
0.625744;0.32655;0.00238986;0.64316;0.287267;-0.000698574;0.657696;0.288709;-0.00804864;0.672228;0.29076;0.00274082;0.603388;0.284824;-0.00393408;0.588414;0.284592;0.0058493;0.573441;0.28436;0.0119058;0.687377;0.323855;0.000704006;0.549218;0.318669;0.00606991;0.650086;0.388387;0.000614177;0.594494;0.384482;0.00528443;0.769198;0.589827;-0.0523563;0.452088;0.598295;0.0606991;0.892109;0.96536;-0.426765;0.350465;0.961826;-0.171883;0.929722;0.858845;-0.16846;0.409048;0.910403;-0.345477;0.934949;0.846756;-0.0103884;0.423035;0.927658;-0.00678185;0.925167;0.783319;-0.0071796;0.453477;0.863628;0.0065178;0.91222;0.797722;0.00189517;0.459894;0.863728;-0.00154839;0.753894;1.13482;0.354033;0.512832;1.15785;0.509551
0.62779;0.321;0.00223669;0.644248;0.284549;-0.00111414;0.658096;0.285736;-0.00775698;0.672803;0.286844;0.00292735;0.605445;0.284418;-0.00452714;0.59082;0.285142;0.00550181;0.575795;0.286516;0.0105129;0.687311;0.32169;0.000880558;0.551609;0.323673;0.00471872;0.652984;0.382459;0.000817121;0.597784;0.381988;0.00603955;0.76626;0.580557;-0.0654974;0.460637;0.580907;0.0743702;0.897369;0.963406;-0.573882;0.362945;0.937464;-0.237899;0.883902;0.837113;-0.132393;0.464097;0.924539;-0.271024;0.875457;0.821944;-0.0104323;0.480184;0.956175;-0.0057001;0.860456;0.757101;-0.00773009;0.51908;0.901119;0.00611013;0.850066;0.775218;0.000261101;0.519675;0.904743;-0.00123597;0.744123;1.12088;0.37298;0.507505;1.13148;0.552372
