face_x;face_y;landmark_x_1;landmark_y_1;landmark_x_2;landmark_y_2;landmark_x_3;landmark_y_3;landmark_x_4;landmark_y_4;landmark_x_5;landmark_y_5;landmark_x_6;landmark_y_6;landmark_x_7;landmark_y_7;landmark_x_8;landmark_y_8;landmark_x_9;landmark_y_9;landmark_x_10;landmark_y_10;landmark_x_11;landmark_y_11;landmark_x_12;landmark_y_12;landmark_x_13;landmark_y_13;landmark_x_14;landmark_y_14;landmark_x_15;landmark_y_15;landmark_x_16;landmark_y_16;landmark_x_17;landmark_y_17;landmark_x_18;landmark_y_18;landmark_x_19;landmark_y_19;landmark_x_20;landmark_y_20;landmark_x_21;landmark_y_21;landmark_x_22;landmark_y_22;landmark_x_23;landmark_y_23;landmark_x_24;landmark_y_24;landmark_x_25;landmark_y_25;landmark_x_26;landmark_y_26;landmark_x_27;landmark_y_27;landmark_x_28;landmark_y_28;landmark_x_29;landmark_y_29;landmark_x_30;landmark_y_30;landmark_x_31;landmark_y_31;landmark_x_32;landmark_y_32;landmark_x_33;landmark_y_33;landmark_x_34;landmark_y_34;landmark_x_35;landmark_y_35;landmark_x_36;landmark_y_36;landmark_x_37;landmark_y_37;landmark_x_38;landmark_y_38;landmark_x_39;landmark_y_39;landmark_x_40;landmark_y_40;landmark_x_41;landmark_y_41;landmark_x_42;landmark_y_42
0.429205;0.211321;0.597241;0.978392;0.574978;0.981484;0.564478;0.994306;0.5576;1.00775;0.554774;1.01646;0.563906;1.00541;0.56752;1.00743;0.571238;1.00217;0.573762;0.997549;0.576791;1.00631;0.581315;1.01034;0.5845;1.00307;0.585404;0.995903;0.589939;1.00721;0.59267;1.01204;0.595138;1.00273;0.597262;0.994642;0.603201;1.00981;0.605809;1.01604;0.606434;1.01253;0.606901;1.00905;0.367396;0.95401;0.388088;0.969355;0.404522;0.997428;0.417673;1.01924;0.426993;1.03508;0.409844;1.0049;0.415799;1.04838;0.420459;1.08016;0.42594;1.10752;0.406446;1.00432;0.411874;1.05055;0.415897;1.08531;0.420654;1.11509;0.402331;1.00436;0.410594;1.04515;0.414875;1.06918;0.419889;1.08641;0.397103;1.0042;0.404178;1.03418;0.408502;1.04978;0.413185;1.06023
0.430126;0.210906;0.593729;0.980182;0.579662;0.975259;0.569692;0.981543;0.562933;0.989005;0.557645;0.993225;0.570527;0.998541;0.563142;0.999395;0.564389;0.998161;0.567093;0.999465;0.579465;1.0009;0.573729;1.00408;0.574231;1.00358;0.574619;1.00569;0.588574;1.00118;0.583757;1.00532;0.583731;1.00446;0.584626;1.00488;0.597177;1.00149;0.591315;1.00602;0.589709;1.00624;0.589608;1.00666
0.429161;0.211293;0.590619;0.940314;0.559597;0.941531;0.536562;0.960447;0.524843;0.984643;0.521773;1.00584;0.551997;0.981516;0.539922;1.02946;0.532655;1.06173;0.527057;1.08722;0.570042;0.993926;0.557895;1.04661;0.550554;1.08013;0.545258;1.10492;0.584501;1.00169;0.571582;1.04853;0.562694;1.06999;0.557914;1.08026;0.594787;1.00552;0.583312;1.03937;0.575478;1.05543;0.571883;1.06453;0.371498;0.915198;0.397713;0.915039;0.419732;0.935632;0.434281;0.962743;0.444297;0.988112;0.420275;0.963238;0.438866;1.00283;0.445918;1.0314;0.449519;1.05332;0.405314;0.974413;0.421185;1.01792;0.425529;1.04898;0.426783;1.07505;0.388939;0.979502;0.399714;1.02031;0.404282;1.03814;0.405808;1.05182;0.374044;0.979267;0.383448;1.00911;0.389344;1.02258;0.393182;1.034
0.429618;0.211622;0.385033;0.91511;0.416884;0.915153;0.43345;0.929864;0.441773;0.954712;0.443564;0.970945;0.433326;0.953734;0.444288;0.97934;0.440396;0.972983;0.436289;0.959548;0.417151;0.964135;0.425223;0.988287;0.421447;0.979218;0.418738;0.965637;0.399047;0.966975;0.403448;0.986384;0.403764;0.976165;0.404968;0.963598;0.380306;0.965012;0.383714;0.978827;0.385202;0.969924;0.386739;0.958106
0.429405;0.212911;0.382516;0.783944;0.402968;0.744497;0.428786;0.735248;0.448904;0.748439;0.45615;0.769712;0.435463;0.738491;0.45942;0.738224;0.45892;0.747906;0.45477;0.753855;0.435948;0.762925;0.458654;0.768982;0.457787;0.776219;0.452794;0.778995;0.431295;0.789353;0.453557;0.798439;0.451223;0.802253;0.444677;0.801652;0.422559;0.814475;0.440694;0.822277;0.43886;0.822767;0.43266;0.819457;0.5753;0.857344;0.546126;0.84242;0.521276;0.843833;0.50274;0.854251;0.497929;0.862716;0.520534;0.86097;0.497194;0.89323;0.507671;0.890717;0.515799;0.881895;0.531907;0.879985;0.50835;0.916324;0.521928;0.90805;0.530635;0.893715;0.544905;0.896192;0.523582;0.930885;0.536135;0.921145;0.543614;0.905594;0.556927;0.910908;0.54047;0.941005;0.547591;0.932325;0.552189;0.917498
0.430394;0.212945;0.374838;0.775483;0.39956;0.76422;0.41959;0.757763;0.434889;0.753333;0.44701;0.751632;0.432378;0.758706;0.448763;0.748038;0.454055;0.743159;0.454656;0.740676;0.429438;0.763809;0.44285;0.756613;0.441797;0.752039;0.438167;0.748644;0.424389;0.769414;0.436953;0.759317;0.435772;0.753424;0.432673;0.750751;0.418523;0.77523;0.430491;0.767451;0.430458;0.761544;0.427536;0.757816
0.431848;0.2128;0.399174;0.683627;0.414881;0.635807;0.439622;0.602082;0.453907;0.585366;0.460945;0.581612;0.432354;0.601163;0.450105;0.589358;0.451755;0.597568;0.449613;0.604187;0.429283;0.623641;0.449867;0.615314;0.453607;0.62194;0.453486;0.625232;0.427161;0.6494;0.448182;0.638706;0.452781;0.643504;0.453231;0.648331;0.424867;0.676475;0.439289;0.669841;0.443067;0.671249;0.444439;0.673733;0.552151;0.77016;0.535372;0.738696;0.512679;0.722414;0.490063;0.712961;0.474531;0.708995;0.50632;0.725589;0.481395;0.71321;0.479148;0.722467;0.482162;0.734254;0.509159;0.740296;0.486614;0.728065;0.487887;0.739981;0.491883;0.752694;0.515014;0.754862;0.49709;0.748623;0.498613;0.759715;0.502829;0.769536;0.523017;0.769918;0.509589;0.770154;0.509326;0.7769;0.511754;0.782091
0.431433;0.211238;0.389023;0.660522;0.398453;0.631159;0.413602;0.603409;0.427641;0.584962;0.441169;0.569742;0.423221;0.607054;0.442812;0.585369;0.458907;0.573892;0.473012;0.565133;0.42722;0.620588;0.449054;0.605952;0.458792;0.599818;0.462994;0.596265;0.427948;0.636571;0.444732;0.622946;0.449968;0.616307;0.450576;0.611552;0.426759;0.652453;0.440495;0.642274;0.440947;0.636217;0.438558;0.631414;0.559265;0.751377;0.53651;0.733846;0.514574;0.721166;0.494971;0.714079;0.479809;0.711671;0.524002;0.707906;0.504902;0.696357;0.491564;0.689215;0.479337;0.681655;0.529722;0.723455;0.509427;0.71336;0.492951;0.70564;0.47934;0.696552;0.535578;0.742167;0.517483;0.736039;0.504245;0.725135;0.494248;0.712801;0.542256;0.762118;0.528754;0.760337;0.51878;0.751141;0.511418;0.741986
0.432604;0.209545;0.388121;0.636605;0.410566;0.629616;0.427029;0.621132;0.441148;0.616106;0.452872;0.609418;0.425905;0.610553;0.43861;0.597971;0.446932;0.587388;0.452836;0.579975;0.420278;0.607272;0.434342;0.594203;0.44252;0.583509;0.449395;0.576015;0.415059;0.606072;0.428054;0.596165;0.435496;0.588336;0.441652;0.583899;0.410644;0.606692;0.419686;0.599845;0.424359;0.5931;0.428681;0.589076;0.559787;0.740269;0.539341;0.738768;0.522038;0.731347;0.509141;0.726322;0.499233;0.719776;0.52365;0.713984;0.506969;0.701102;0.496116;0.692085;0.488287;0.684887;0.52827;0.712252;0.509491;0.698082;0.498073;0.687798;0.490087;0.678853;0.53306;0.713132;0.515961;0.70307;0.505362;0.692364;0.497817;0.682757;0.538002;0.717356;0.525804;0.709664;0.516326;0.70159;0.509081;0.694075
0.436706;0.210097;0.540656;0.598454;0.516642;0.582558;0.500532;0.562545;0.488691;0.556217;0.479755;0.556135;0.512109;0.532854;0.496099;0.508766;0.485711;0.492321;0.476401;0.479538;0.520567;0.542173;0.4986;0.532812;0.484916;0.528597;0.47378;0.525721;0.526529;0.558671;0.503511;0.566485;0.491136;0.572062;0.482702;0.575714;0.529011;0.576861;0.510488;0.586069;0.500619;0.593205;0.494772;0.597853;0.388168;0.54677;0.393603;0.510529;0.41274;0.485036;0.433615;0.475397;0.451994;0.474167;0.414463;0.458932;0.442502;0.439249;0.459537;0.425812;0.472416;0.41415;0.414405;0.474054;0.449033;0.458637;0.470332;0.448387;0.485376;0.442065;0.415109;0.49746;0.45189;0.496993;0.463417;0.505407;0.466146;0.510429;0.415474;0.524418;0.445265;0.525968;0.453284;0.532934;0.453223;0.53783
0.435589;0.212867;0.543988;0.590039;0.52533;0.568624;0.507595;0.554009;0.490429;0.553909;0.476728;0.556415;0.525002;0.53013;0.505949;0.509911;0.489361;0.494958;0.476137;0.484177;0.527627;0.541915;0.500404;0.530618;0.479572;0.524129;0.464068;0.519553;0.528167;0.56083;0.497132;0.56737;0.500864;0.574849;0.508482;0.574649;0.527676;0.583948;0.502868;0.589682;0.506547;0.591526;0.514685;0.590254;0.396192;0.538078;0.408191;0.511068;0.422706;0.486101;0.437507;0.473459;0.452888;0.469396;0.417387;0.468209;0.441812;0.443919;0.460678;0.427575;0.476241;0.413638;0.416007;0.478442;0.445554;0.453184;0.464939;0.43817;0.481428;0.427191;0.41591;0.497104;0.448171;0.492625;0.457001;0.507554;0.460117;0.519728;0.417886;0.51924;0.445805;0.518711;0.454354;0.527723;0.457281;0.5362
0.436079;0.2111;0.543779;0.580034;0.527688;0.560312;0.508728;0.545783;0.489678;0.543232;0.473041;0.545329;0.526411;0.522958;0.50431;0.511559;0.486436;0.503679;0.47154;0.497204;0.531805;0.53344;0.501535;0.532903;0.491956;0.544314;0.490224;0.550277;0.534105;0.551224;0.502392;0.556692;0.501654;0.565573;0.508003;0.567581;0.534421;0.572211;0.508534;0.57628;0.508148;0.579544;0.514432;0.579494;0.400419;0.527265;0.413075;0.504348;0.425608;0.48258;0.439926;0.469754;0.453916;0.466313;0.417451;0.462962;0.438071;0.441377;0.451752;0.427062;0.462843;0.413866;0.415977;0.468544;0.441505;0.446977;0.456515;0.433543;0.469774;0.422374;0.417475;0.481729;0.45109;0.480323;0.468043;0.484852;0.478518;0.487801;0.421795;0.499866;0.450344;0.505057;0.460335;0.513724;0.464316;0.521529
0.43714;0.212328;0.5431;0.570062;0.529075;0.548521;0.513717;0.532718;0.498425;0.528196;0.486724;0.527947;0.528088;0.513378;0.507848;0.504398;0.49286;0.500315;0.480619;0.497334;0.531142;0.524729;0.500829;0.529866;0.498574;0.544972;0.502053;0.551044;0.531776;0.542169;0.501011;0.549989;0.503118;0.559682;0.510453;0.56127;0.530968;0.56038;0.506619;0.566455;0.508989;0.570714;0.516369;0.570064;0.402502;0.520878;0.408901;0.494629;0.419021;0.474143;0.4323;0.464462;0.445677;0.46393;0.416247;0.46212;0.435008;0.442082;0.44843;0.431412;0.45925;0.422292;0.416949;0.467193;0.439776;0.44654;0.453879;0.437067;0.466727;0.430985;0.419697;0.479674;0.448619;0.47882;0.456648;0.491259;0.459545;0.501129;0.424314;0.496738;0.449468;0.501741;0.457036;0.511353;0.459731;0.519705
0.434292;0.217286;0.547033;0.558328;0.533193;0.539289;0.516697;0.523334;0.499032;0.517634;0.486434;0.517064;0.531186;0.502504;0.505009;0.5019;0.49328;0.513034;0.488002;0.521023;0.533323;0.516552;0.504025;0.519774;0.497357;0.534131;0.496897;0.541105;0.532728;0.53484;0.503006;0.539973;0.501821;0.552904;0.506841;0.558346;0.530323;0.553223;0.506327;0.557022;0.504132;0.562755;0.507732;0.565316;0.402571;0.513227;0.404297;0.486323;0.41389;0.465793;0.427246;0.454725;0.439828;0.453086;0.41424;0.451644;0.435253;0.438228;0.446717;0.44069;0.453175;0.442835;0.416103;0.459699;0.444662;0.452535;0.4535;0.45971;0.458111;0.463981;0.419902;0.47286;0.448571;0.475665;0.45381;0.487659;0.453552;0.494626;0.424199;0.488569;0.447226;0.493371;0.45527;0.502173;0.458523;0.507998
0.433758;0.215987;0.548359;0.551273;0.537379;0.533143;0.522161;0.520107;0.50705;0.515456;0.494906;0.516196;0.532971;0.504971;0.510498;0.500811;0.495504;0.505881;0.486004;0.511524;0.533492;0.516759;0.507009;0.515954;0.494459;0.524783;0.487825;0.530222;0.531705;0.532791;0.503928;0.5361;0.500946;0.545519;0.503949;0.548782;0.528699;0.549915;0.507453;0.552384;0.503464;0.556415;0.504784;0.557762;0.400999;0.507499;0.403608;0.480076;0.412366;0.460444;0.424739;0.448458;0.436789;0.445098;0.413292;0.447859;0.435817;0.439816;0.444874;0.451037;0.447661;0.458001;0.415172;0.456719;0.442304;0.455365;0.449254;0.467133;0.451134;0.473828;0.419092;0.470308;0.445223;0.474398;0.44801;0.487529;0.445695;0.495246;0.423288;0.485378;0.445126;0.490973;0.451974;0.500609;0.454172;0.506803
0.433694;0.215381;0.54738;0.541774;0.540114;0.528121;0.527109;0.518144;0.514695;0.515243;0.504339;0.517608;0.530737;0.507926;0.514304;0.50408;0.500189;0.50607;0.489236;0.509085;0.532159;0.516104;0.512658;0.514133;0.498805;0.520224;0.489444;0.523876;0.532285;0.528198;0.510461;0.527741;0.501921;0.534215;0.498418;0.536912;0.530803;0.542254;0.51438;0.541966;0.508373;0.545469;0.50628;0.547686;0.401185;0.502072;0.402528;0.476365;0.410136;0.458508;0.420856;0.44725;0.431037;0.443953;0.414244;0.451343;0.43289;0.441571;0.43915;0.449156;0.44025;0.454323;0.417594;0.460158;0.438809;0.456923;0.442969;0.466312;0.442875;0.472866;0.421429;0.472062;0.442023;0.472529;0.442607;0.482088;0.439082;0.488515;0.42494;0.485624;0.443293;0.487523;0.449927;0.494223;0.452717;0.498974
0.431227;0.216553;0.545466;0.539007;0.540615;0.528554;0.531579;0.518832;0.522682;0.515181;0.51521;0.515834;0.532536;0.505437;0.5208;0.499199;0.511423;0.498985;0.503224;0.500055;0.531994;0.512898;0.517009;0.509075;0.505403;0.511719;0.496594;0.514724;0.531124;0.522899;0.515866;0.521195;0.504375;0.524336;0.49601;0.527339;0.530836;0.534492;0.519214;0.535109;0.510154;0.537342;0.503177;0.53945
0.431311;0.216449;0.551761;0.551502;0.530799;0.528883;0.512958;0.512946;0.496591;0.50872;0.48563;0.509418;0.517839;0.486563;0.492989;0.462512;0.477264;0.444321;0.46622;0.427114;0.524919;0.498918;0.492254;0.485384;0.471283;0.475811;0.455883;0.46407;0.529831;0.516993;0.49849;0.527103;0.502026;0.539458;0.509639;0.53864;0.532542;0.539296;0.507019;0.548034;0.508655;0.554102;0.514646;0.554767;0.389313;0.518585;0.39784;0.484426;0.4121;0.464438;0.426804;0.453219;0.437106;0.448207;0.410064;0.443704;0.436002;0.42378;0.451026;0.415157;0.461637;0.407108;0.409808;0.454415;0.438561;0.437773;0.457401;0.433455;0.470802;0.431697;0.410539;0.472975;0.443127;0.471905;0.456798;0.481855;0.461617;0.490546;0.412018;0.496011;0.439048;0.503445;0.449123;0.512834;0.451713;0.521445
0.432432;0.214203;0.543332;0.552574;0.534528;0.527881;0.521425;0.509296;0.510472;0.501951;0.5027;0.49937;0.519998;0.505609;0.498559;0.484252;0.484235;0.47053;0.473474;0.45891;0.521822;0.515534;0.495945;0.505519;0.480962;0.497244;0.47022;0.488408;0.524308;0.530544;0.506482;0.535177;0.506914;0.542502;0.508242;0.54561;0.526515;0.54739;0.512604;0.553679;0.511043;0.558303;0.511782;0.562197;0.395574;0.515274;0.403394;0.481291;0.415929;0.461167;0.430006;0.447543;0.440734;0.436667;0.411051;0.451627;0.43077;0.435442;0.444103;0.428717;0.455163;0.422826;0.410761;0.465657;0.433056;0.455148;0.451889;0.450354;0.46779;0.446694;0.411889;0.486326;0.441722;0.488265;0.461524;0.493726;0.472443;0.497113;0.413323;0.510262;0.438743;0.522564;0.453711;0.532713;0.461062;0.538666
0.432994;0.21237;0.539498;0.549159;0.531405;0.538913;0.522216;0.52883;0.516425;0.522327;0.511757;0.517136;0.516024;0.516567;0.50164;0.501896;0.491816;0.493895;0.483376;0.486383;0.516664;0.519527;0.50162;0.505237;0.490277;0.496119;0.481405;0.487769;0.518247;0.52458;0.504902;0.515766;0.494986;0.512184;0.488559;0.508904;0.520668;0.531381;0.51044;0.525675;0.504397;0.524353;0.501256;0.525092
0.433049;0.210844;0.544902;0.60892;0.527567;0.585496;0.507278;0.564646;0.48822;0.552797;0.47328;0.54661;0.508986;0.555268;0.486799;0.530516;0.474237;0.519934;0.463398;0.511521;0.509128;0.570707;0.485168;0.561519;0.473906;0.557575;0.465912;0.552493;0.511271;0.592153;0.494087;0.596854;0.50186;0.600532;0.509172;0.600386;0.513581;0.615781;0.499396;0.62132;0.503171;0.623066;0.509081;0.624181;0.391582;0.580336;0.410929;0.54684;0.433408;0.523851;0.452139;0.516676;0.464458;0.512768;0.426132;0.498033;0.450357;0.470855;0.466402;0.453222;0.480226;0.439665;0.418656;0.513688;0.448452;0.492849;0.470161;0.484282;0.49006;0.47915;0.413613;0.539205;0.449607;0.545643;0.469434;0.554177;0.482674;0.559987;0.410944;0.568217;0.439491;0.580433;0.452711;0.589346;0.460461;0.594888
0.435044;0.210017;0.537046;0.615717;0.51974;0.588079;0.502034;0.569296;0.491599;0.556251;0.483069;0.545247;0.499542;0.573022;0.486309;0.56173;0.478749;0.551795;0.471047;0.54301;0.504885;0.580768;0.493861;0.571302;0.486829;0.560086;0.480276;0.550018;0.512001;0.588587;0.5041;0.577116;0.500474;0.569917;0.498199;0.564951;0.520596;0.595998;0.517346;0.587477;0.515817;0.586004;0.515351;0.586345
0.43452;0.207968;0.409652;0.646238;0.418551;0.614675;0.436189;0.599079;0.449966;0.585407;0.460926;0.578547;0.438645;0.599579;0.459225;0.580997;0.473167;0.57033;0.48599;0.560113;0.436475;0.614373;0.452748;0.603667;0.466893;0.600291;0.479991;0.596992;0.431513;0.632872;0.446434;0.637733;0.462099;0.642902;0.475127;0.645566;0.425667;0.649703;0.436847;0.657241;0.444499;0.664392;0.450692;0.668928;0.523739;0.671928;0.512564;0.64139;0.501249;0.626952;0.493124;0.618831;0.490001;0.613975;0.5053;0.652317;0.495224;0.64975;0.488577;0.648166;0.48485;0.647052;0.505359;0.669605;0.492559;0.674504;0.47625;0.676442;0.464956;0.677189;0.508222;0.682064;0.492389;0.683838;0.476792;0.685807;0.468293;0.684738;0.511851;0.689868;0.503028;0.688525;0.494746;0.690253;0.490507;0.689079
0.43592;0.208471;0.410609;0.645091;0.420076;0.623632;0.436474;0.614461;0.448994;0.609828;0.459835;0.606088;0.441635;0.614674;0.462299;0.596896;0.475025;0.585067;0.488889;0.574399;0.438033;0.626573;0.456619;0.613975;0.47054;0.605853;0.484051;0.597381;0.433462;0.639724;0.450422;0.638461;0.465303;0.639137;0.478945;0.638249;0.428224;0.651992;0.441127;0.653233;0.446346;0.656358;0.449978;0.65875
0.436673;0.208262;0.560308;0.715779;0.547446;0.68704;0.523548;0.67755;0.504685;0.680893;0.491341;0.685557;0.527771;0.668045;0.50128;0.657058;0.481518;0.651425;0.464111;0.647524;0.532559;0.688475;0.494117;0.691375;0.468344;0.695771;0.4487;0.698631;0.535143;0.712065;0.493945;0.720972;0.491465;0.722547;0.4959;0.721398;0.53649;0.736743;0.503496;0.739548;0.501411;0.738093;0.504819;0.73566;0.393858;0.672133;0.401342;0.643211;0.424242;0.630202;0.444593;0.630819;0.461262;0.637073;0.414473;0.620449;0.444227;0.598187;0.462155;0.584676;0.477111;0.57455;0.41361;0.641658;0.450498;0.629017;0.475586;0.623122;0.495862;0.619782;0.414619;0.666034;0.452638;0.663698;0.468386;0.664033;0.477649;0.665353;0.416511;0.689584;0.443965;0.688573;0.44866;0.689278;0.448507;0.690348
0.439777;0.208096;0.561112;0.708631;0.548344;0.681255;0.524269;0.67123;0.50559;0.67369;0.49138;0.678008;0.526924;0.661852;0.502424;0.65287;0.482414;0.646987;0.464854;0.643288;0.531284;0.681905;0.49398;0.686488;0.471462;0.691894;0.456853;0.695728;0.5337;0.70557;0.494799;0.714368;0.490353;0.716412;0.494371;0.715574;0.535723;0.731085;0.504382;0.73327;0.500228;0.731209;0.502348;0.728371;0.393157;0.670426;0.401951;0.641069;0.426421;0.626265;0.448397;0.627179;0.466214;0.634198;0.412415;0.615951;0.441841;0.59164;0.458775;0.577933;0.473242;0.566592;0.411895;0.637413;0.447469;0.624916;0.473862;0.618233;0.495868;0.613248;0.413275;0.663265;0.451475;0.657367;0.460577;0.657249;0.463934;0.659289;0.416082;0.688694;0.444548;0.683288;0.44997;0.681879;0.450969;0.68334
0.438336;0.205787;0.560547;0.707458;0.547802;0.6807;0.524107;0.66912;0.505302;0.670092;0.490613;0.673644;0.527031;0.659522;0.502113;0.650494;0.481843;0.645534;0.464265;0.642215;0.531258;0.678915;0.493907;0.681515;0.471369;0.686658;0.456442;0.690171;0.534162;0.702517;0.496291;0.71072;0.490869;0.714705;0.493276;0.715394;0.536677;0.728294;0.506054;0.729981;0.500622;0.728703;0.50094;0.726333;0.390604;0.67035;0.398939;0.641242;0.422651;0.624508;0.445103;0.623142;0.463422;0.627689;0.411527;0.613177;0.44187;0.588608;0.460085;0.572499;0.475741;0.559529;0.410057;0.633106;0.4485;0.619248;0.474107;0.611688;0.494687;0.606914;0.410832;0.657416;0.451273;0.649142;0.473212;0.647674;0.488155;0.648607;0.413524;0.681481;0.442639;0.674612;0.450274;0.674489;0.453607;0.67563
0.437464;0.207807;0.559694;0.704719;0.546893;0.677408;0.523793;0.664404;0.505427;0.662345;0.49003;0.662375;0.525872;0.657231;0.501311;0.649976;0.481345;0.646876;0.463856;0.64552;0.530292;0.675876;0.493795;0.679523;0.472156;0.685527;0.458196;0.690221;0.533394;0.698959;0.497244;0.707203;0.489318;0.712418;0.489121;0.714788;0.536232;0.724461;0.507775;0.726024;0.500749;0.72497;0.498597;0.723111;0.391525;0.666281;0.398004;0.637502;0.419373;0.622078;0.439728;0.619387;0.457271;0.624581;0.411574;0.61091;0.442082;0.586193;0.460986;0.571213;0.476897;0.560112;0.411045;0.632228;0.44883;0.616095;0.473759;0.608111;0.494014;0.604078;0.412854;0.65638;0.452841;0.650701;0.472086;0.649935;0.484136;0.650137;0.415858;0.679815;0.445542;0.677192;0.453121;0.678735;0.455309;0.679113
0.43465;0.208307;0.559447;0.702781;0.547551;0.67673;0.524121;0.663781;0.505094;0.662637;0.490206;0.664528;0.526533;0.657455;0.501526;0.649633;0.482162;0.646578;0.466107;0.644358;0.530855;0.67633;0.494295;0.682197;0.474321;0.689184;0.462947;0.693887;0.534161;0.699262;0.49879;0.70915;0.491168;0.715346;0.491563;0.718051;0.537421;0.723854;0.508871;0.727186;0.501304;0.726834;0.498853;0.725455;0.395118;0.667857;0.400025;0.637273;0.423841;0.621291;0.447256;0.622063;0.465448;0.629429;0.412049;0.610129;0.442162;0.5847;0.459511;0.569331;0.473205;0.557423;0.412724;0.631916;0.449388;0.618374;0.474117;0.610915;0.494353;0.606616;0.415643;0.656108;0.455028;0.65238;0.462918;0.654309;0.464882;0.656722;0.42074;0.679678;0.449175;0.674805;0.451582;0.674183;0.449681;0.674732
0.435264;0.206653;0.559708;0.70455;0.546792;0.677142;0.523863;0.664185;0.505572;0.662793;0.489983;0.663784;0.527247;0.658091;0.504736;0.648493;0.48556;0.644078;0.468133;0.641205;0.531503;0.676154;0.497313;0.681461;0.477005;0.688009;0.463973;0.692322;0.534121;0.698327;0.499558;0.70592;0.489906;0.709797;0.487898;0.710857;0.536466;0.722341;0.508773;0.724886;0.500554;0.7245;0.497113;0.72288;0.392646;0.664951;0.400193;0.637608;0.422775;0.622706;0.444807;0.623773;0.462858;0.630174;0.413023;0.607655;0.443937;0.581712;0.462635;0.566183;0.477702;0.553236;0.411488;0.628212;0.449331;0.612735;0.474539;0.604868;0.495181;0.59882;0.412604;0.652138;0.453359;0.650892;0.467379;0.652902;0.475042;0.652467;0.415207;0.67636;0.445698;0.674235;0.450504;0.675912;0.451418;0.675684
0.433989;0.206495;0.560107;0.700323;0.548686;0.674281;0.525938;0.661973;0.507064;0.660613;0.491678;0.66049;0.529037;0.656433;0.506059;0.648943;0.486971;0.646958;0.470479;0.645148;0.533579;0.674845;0.498774;0.680924;0.478071;0.686843;0.464887;0.690165;0.536409;0.697393;0.501488;0.706249;0.491738;0.70981;0.489572;0.710468;0.538957;0.721195;0.510932;0.725281;0.502662;0.72514;0.498896;0.723506;0.394262;0.664727;0.399453;0.636066;0.421866;0.621284;0.443623;0.621688;0.461285;0.627064;0.414112;0.607682;0.444923;0.582077;0.46286;0.565607;0.477546;0.552143;0.413594;0.628154;0.450756;0.613358;0.474413;0.604391;0.493837;0.598586;0.414601;0.651777;0.454586;0.650973;0.469326;0.652628;0.478231;0.652781;0.416945;0.675254;0.445146;0.673972;0.448445;0.67584;0.447883;0.676377
0.433494;0.207325;0.560227;0.699514;0.548629;0.67409;0.526143;0.661812;0.507455;0.661396;0.492777;0.662587;0.528557;0.657004;0.505598;0.652512;0.486949;0.65284;0.471527;0.653104;0.532541;0.674915;0.499951;0.679537;0.478653;0.683903;0.464294;0.686575;0.535266;0.697009;0.502035;0.704751;0.491066;0.708064;0.487266;0.709029;0.537843;0.720287;0.510761;0.724325;0.502218;0.724895;0.498098;0.724175;0.395331;0.664126;0.401521;0.635217;0.423919;0.621351;0.445564;0.621923;0.462486;0.628004;0.415165;0.607384;0.444615;0.582169;0.461827;0.565773;0.476157;0.552349;0.414139;0.62837;0.450382;0.615438;0.474945;0.607486;0.495432;0.602092;0.415152;0.652597;0.454088;0.651964;0.465403;0.653858;0.471078;0.654853;0.417985;0.676828;0.446393;0.675132;0.450252;0.675711;0.450225;0.675922
0.433579;0.206786;0.560668;0.701766;0.549222;0.674989;0.527243;0.662055;0.508517;0.660626;0.493833;0.661039;0.529318;0.658441;0.506498;0.656784;0.488069;0.658432;0.472432;0.659261;0.533158;0.676969;0.501539;0.682478;0.480695;0.686528;0.465992;0.688702;0.535413;0.69923;0.501654;0.706252;0.491736;0.707288;0.488621;0.706227;0.537411;0.722347;0.509553;0.725003;0.501766;0.723544;0.498578;0.721325;0.395154;0.665623;0.401134;0.637136;0.423457;0.623502;0.445186;0.624358;0.46252;0.6303;0.415186;0.609345;0.445399;0.582665;0.46316;0.565996;0.477959;0.552475;0.414046;0.629567;0.45081;0.615656;0.475499;0.607966;0.496177;0.603116;0.414905;0.65296;0.454029;0.653185;0.465951;0.655014;0.472305;0.655952;0.417395;0.676267;0.445896;0.675096;0.449119;0.675973;0.448552;0.676018
0.433363;0.209096;0.561227;0.701287;0.549268;0.675983;0.526231;0.663006;0.506917;0.660031;0.492893;0.659612;0.528553;0.659901;0.506568;0.660981;0.487993;0.665457;0.473017;0.668401;0.533879;0.678477;0.502363;0.683651;0.481263;0.688321;0.46709;0.690944;0.536921;0.701054;0.503651;0.709051;0.490358;0.711153;0.484725;0.710586;0.539422;0.724754;0.512172;0.728246;0.50191;0.727418;0.496635;0.725284;0.392722;0.661206;0.401366;0.631691;0.426144;0.621043;0.44767;0.624831;0.465487;0.631062;0.415162;0.606439;0.444912;0.58042;0.463252;0.56452;0.478277;0.551643;0.412586;0.628735;0.451027;0.618889;0.476949;0.611681;0.497254;0.606895;0.412719;0.653977;0.453457;0.654886;0.467449;0.655414;0.474678;0.655578;0.415255;0.679069;0.445936;0.678953;0.452789;0.678988;0.45503;0.678322
0.433254;0.210081;0.56319;0.702556;0.552125;0.677589;0.530635;0.663134;0.512187;0.657117;0.499105;0.654173;0.532441;0.660534;0.510485;0.656534;0.49244;0.660067;0.478109;0.663049;0.536432;0.677642;0.504835;0.680615;0.483664;0.684737;0.469317;0.686681;0.539068;0.699662;0.505284;0.706896;0.49028;0.707768;0.483333;0.705629;0.541113;0.723505;0.513165;0.728046;0.501822;0.72751;0.496007;0.724903;0.392096;0.664158;0.400072;0.637127;0.42326;0.624527;0.444323;0.625583;0.462163;0.632082;0.414445;0.606098;0.446215;0.580859;0.465003;0.565768;0.480035;0.553228;0.412135;0.626155;0.451579;0.613755;0.476982;0.606711;0.497338;0.602978;0.41253;0.650393;0.454496;0.650584;0.471989;0.651272;0.482635;0.652165;0.415167;0.674806;0.445902;0.674233;0.453374;0.674146;0.45582;0.67362
0.432365;0.208418;0.564657;0.701904;0.552974;0.676333;0.531192;0.662063;0.513095;0.656452;0.499585;0.654279;0.532683;0.66165;0.511168;0.659061;0.492886;0.661827;0.478317;0.663354;0.536821;0.678336;0.506197;0.680521;0.485307;0.684155;0.470706;0.685273;0.539633;0.699683;0.507099;0.705827;0.491589;0.707176;0.483386;0.704942;0.54209;0.722627;0.515382;0.726161;0.503827;0.725505;0.497313;0.722745;0.394345;0.660736;0.401402;0.631088;0.424896;0.618541;0.44661;0.620515;0.464651;0.626948;0.416291;0.606538;0.446958;0.581356;0.46492;0.56516;0.479544;0.552589;0.415676;0.629197;0.45271;0.616552;0.476983;0.60881;0.496731;0.604797;0.416329;0.654261;0.455963;0.652746;0.47242;0.651708;0.483113;0.65178;0.418296;0.678108;0.447047;0.67525;0.451857;0.67391;0.452261;0.672869
0.432238;0.208286;0.564828;0.701847;0.552379;0.675846;0.530395;0.662735;0.512258;0.658733;0.499416;0.657639;0.533721;0.659982;0.51294;0.65518;0.495007;0.656924;0.480292;0.658436;0.537115;0.676735;0.507177;0.678516;0.48653;0.681917;0.472256;0.683361;0.539284;0.698097;0.506642;0.705219;0.491721;0.707056;0.484024;0.705773;0.541225;0.721372;0.514125;0.725782;0.502985;0.725484;0.496844;0.723298;0.396283;0.664302;0.403759;0.636966;0.427493;0.62348;0.448378;0.623884;0.464614;0.629767;0.41479;0.607677;0.446107;0.5811;0.463381;0.565649;0.477748;0.552898;0.414533;0.627168;0.451811;0.613161;0.47642;0.60446;0.497256;0.59897;0.416683;0.651145;0.456522;0.648602;0.463583;0.650873;0.46535;0.65402;0.420516;0.675044;0.449494;0.67188;0.454016;0.669635;0.453787;0.668944
0.433234;0.207316;0.565308;0.70065;0.552089;0.674791;0.529738;0.661726;0.511021;0.656873;0.497988;0.655934;0.532734;0.66117;0.512013;0.659894;0.49449;0.663906;0.480418;0.666379;0.536268;0.678652;0.507073;0.682321;0.487104;0.686555;0.473637;0.688175;0.538669;0.699889;0.507414;0.707325;0.493597;0.709379;0.487035;0.708138;0.541349;0.722169;0.515622;0.727174;0.50552;0.726734;0.500168;0.724968;0.394691;0.66029;0.403662;0.628932;0.427746;0.618101;0.449558;0.622717;0.467295;0.630238;0.417248;0.605335;0.445714;0.579317;0.463631;0.562511;0.478502;0.54925;0.414651;0.627295;0.450797;0.615471;0.476366;0.60702;0.496611;0.601838;0.41473;0.65239;0.454332;0.652476;0.466665;0.653322;0.471832;0.653549;0.417295;0.677449;0.447373;0.676542;0.452995;0.675901;0.453734;0.674826
0.433382;0.206341;0.565645;0.702505;0.55269;0.676652;0.531034;0.664445;0.51295;0.660772;0.499804;0.659651;0.534093;0.663839;0.512343;0.660427;0.494616;0.662798;0.480299;0.664543;0.537754;0.680214;0.50824;0.682168;0.487928;0.685396;0.473689;0.686519;0.540528;0.700881;0.509406;0.70774;0.493739;0.709081;0.485011;0.707266;0.543013;0.723103;0.517007;0.728211;0.505118;0.727924;0.498027;0.725499;0.394139;0.662406;0.400817;0.632298;0.425413;0.619151;0.448244;0.622783;0.467207;0.632531;0.413772;0.60378;0.445544;0.577566;0.464333;0.561942;0.479919;0.549614;0.412852;0.62536;0.452201;0.613659;0.47852;0.606344;0.499919;0.602061;0.414681;0.650862;0.456673;0.650374;0.468928;0.651228;0.474587;0.653238;0.41885;0.676117;0.44934;0.674841;0.45619;0.673907;0.458327;0.673825
0.43337;0.206333;0.565245;0.706301;0.552531;0.681283;0.530975;0.66817;0.51269;0.663839;0.49972;0.662166;0.533731;0.667094;0.512549;0.664093;0.495643;0.668107;0.48169;0.671239;0.537045;0.683664;0.508136;0.685879;0.488533;0.690428;0.47446;0.692928;0.539649;0.704614;0.508865;0.712042;0.496909;0.715509;0.491157;0.715834;0.542682;0.727104;0.516902;0.732064;0.50733;0.732145;0.502259;0.730707;0.393075;0.664753;0.400104;0.632178;0.424818;0.619872;0.448648;0.62438;0.467503;0.629727;0.416359;0.605254;0.446534;0.578461;0.464836;0.561516;0.480628;0.547937;0.415828;0.628436;0.455319;0.620128;0.481926;0.611932;0.503713;0.60628;0.416913;0.654594;0.456339;0.65499;0.46341;0.657276;0.465328;0.659607;0.420081;0.681128;0.449343;0.679265;0.454954;0.680278;0.457578;0.681296
0.434004;0.204745;0.562892;0.716854;0.546547;0.69627;0.530533;0.685641;0.518452;0.683477;0.509639;0.688018;0.530591;0.68227;0.511683;0.675105;0.495454;0.675947;0.481051;0.676558;0.534152;0.69279;0.512881;0.6925;0.492926;0.695636;0.476936;0.697379;0.538781;0.707355;0.520715;0.71471;0.503613;0.720437;0.490799;0.72275;0.543412;0.723495;0.530381;0.728921;0.521801;0.733391;0.516938;0.73673;0.390258;0.677814;0.401267;0.643717;0.421266;0.625042;0.441017;0.614375;0.457945;0.609571;0.414247;0.625144;0.439313;0.600693;0.455128;0.583867;0.469228;0.569274;0.41411;0.648962;0.446178;0.642582;0.471774;0.637634;0.492422;0.63386;0.413773;0.675337;0.441174;0.678053;0.461583;0.679787;0.476857;0.680736;0.413083;0.700327;0.433214;0.701042;0.441036;0.703961;0.44639;0.703606
0.434258;0.205279;0.386801;0.692097;0.39815;0.658476;0.418883;0.643265;0.439086;0.638799;0.454858;0.63814;0.411282;0.640847;0.437509;0.626212;0.454146;0.614616;0.469274;0.603156;0.409629;0.662838;0.442958;0.660093;0.468478;0.657794;0.490135;0.654152;0.407918;0.686756;0.439488;0.692291;0.45012;0.694145;0.456331;0.694632;0.407169;0.709947;0.430548;0.710322;0.439104;0.709681;0.444135;0.708399
0.434321;0.203816;0.372992;0.722437;0.388573;0.684865;0.411616;0.666633;0.432898;0.66317;0.446503;0.666083;0.403215;0.667176;0.433202;0.650616;0.451263;0.641328;0.466175;0.632573;0.403574;0.691848;0.443791;0.687258;0.470157;0.686632;0.490843;0.688634;0.4047;0.719272;0.443244;0.718055;0.441943;0.720773;0.43496;0.723846;0.406528;0.745505;0.436884;0.737991;0.436209;0.736953;0.429623;0.737141;0.527737;0.768964;0.500677;0.753795;0.472505;0.753399;0.45028;0.764567;0.438086;0.777349;0.483687;0.757428;0.465252;0.776347;0.466324;0.785893;0.465663;0.78927;0.49854;0.779651;0.482462;0.806518;0.483238;0.811863;0.481801;0.809959;0.514252;0.801997;0.499792;0.826248;0.49884;0.82797;0.497873;0.822626;0.526712;0.822319;0.514542;0.845669;0.510434;0.844858;0.508318;0.838246
0.434989;0.203986;0.382317;0.73122;0.397732;0.702096;0.417947;0.684563;0.436036;0.67421;0.450558;0.667203;0.407758;0.692355;0.431447;0.687457;0.449823;0.683328;0.467438;0.677891;0.403752;0.70931;0.430305;0.707589;0.454807;0.709547;0.475729;0.708963;0.401135;0.726661;0.424096;0.723735;0.444652;0.723266;0.461847;0.723172;0.398769;0.742323;0.41783;0.739695;0.429708;0.738629;0.439109;0.737079;0.525832;0.788005;0.500167;0.800133;0.478579;0.810864;0.462706;0.819151;0.453658;0.828156;0.477197;0.811155;0.463931;0.823259;0.458945;0.832575;0.455952;0.84077;0.487379;0.804038;0.477422;0.81838;0.471843;0.831378;0.467373;0.840998;0.499252;0.796131;0.492157;0.807986;0.48843;0.824145;0.485785;0.837981;0.512189;0.788984;0.508572;0.799333;0.504396;0.810163;0.502095;0.819311
0.434631;0.202088;0.57339;0.906185;0.54188;0.906401;0.518725;0.934165;0.509494;0.965068;0.507721;0.992248;0.520655;0.943024;0.499641;0.982558;0.489437;1.01669;0.484345;1.04637;0.540772;0.954665;0.524801;1.00528;0.514993;1.04352;0.510259;1.07405;0.560478;0.964119;0.546911;1.01624;0.537594;1.04321;0.535501;1.05828;0.577043;0.969962;0.566179;1.01192;0.55834;1.03102;0.555691;1.04085;0.378787;0.844931;0.385242;0.899134;0.413275;0.928575;0.438775;0.933551;0.449262;0.931835;0.44976;0.901674;0.472771;0.930529;0.460755;0.933513;0.447699;0.92729;0.451551;0.873833;0.467219;0.903326;0.453231;0.907983;0.441377;0.902455;0.444309;0.851445;0.453153;0.878068;0.440865;0.881888;0.432549;0.878074;0.433811;0.832965;0.442511;0.857356;0.431636;0.861412;0.42332;0.857598
0.433696;0.203071;0.576214;0.923171;0.552317;0.925149;0.532365;0.942138;0.527795;0.963755;0.528696;0.980794;0.525601;0.955904;0.511423;0.998135;0.506217;1.0289;0.503543;1.05436;0.541044;0.963962;0.533147;1.01694;0.531071;1.05067;0.531368;1.07735;0.558987;0.969867;0.550945;1.01535;0.550497;1.03151;0.553286;1.04093;0.576127;0.972507;0.568188;1.0082;0.567171;1.0197;0.569788;1.02509;0.373826;0.865412;0.406278;0.896215;0.435033;0.918008;0.452172;0.929415;0.459988;0.937089;0.428433;0.90991;0.449136;0.925007;0.452944;0.944459;0.452392;0.957856;0.420037;0.894157;0.436696;0.912377;0.44133;0.928405;0.444871;0.940994;0.409727;0.881092;0.428456;0.899121;0.431169;0.91095;0.432486;0.919749;0.398826;0.870473;0.413858;0.883271;0.416935;0.891071;0.418346;0.896131
0.434241;0.202842;0.580696;0.966579;0.556024;0.973479;0.540371;0.997405;0.535821;1.0221;0.538283;1.03892;0.532964;0.989928;0.530859;1.03989;0.53193;1.06946;0.532553;1.08951;0.55192;0.992268;0.549294;1.04991;0.549096;1.07439;0.546926;1.08986;0.570432;0.997919;0.568552;1.04903;0.565476;1.06554;0.562492;1.07313;0.585909;1.00565;0.58043;1.04341;0.576403;1.05783;0.573719;1.06608
0.433326;0.204474;0.587193;0.968683;0.558799;0.975669;0.542977;0.998682;0.539406;1.02272;0.542181;1.03906;0.544049;1.00018;0.541217;1.04211;0.540716;1.06886;0.541601;1.086;0.564751;1.00243;0.557828;1.04605;0.554712;1.06827;0.552743;1.08465;0.583798;1.00678;0.577878;1.04264;0.571872;1.06312;0.568659;1.07773;0.599028;1.01234;0.591002;1.03965;0.584998;1.05527;0.582886;1.06635
0.433889;0.20511;0.586106;0.974802;0.572467;0.989611;0.561285;1.00711;0.555882;1.02258;0.555316;1.03581;0.553346;1.00283;0.547254;1.03858;0.547215;1.05937;0.547498;1.07514;0.559418;1.0001;0.554981;1.04098;0.556305;1.0642;0.556225;1.08009;0.567099;1.00048;0.562508;1.03883;0.563856;1.05619;0.564906;1.0648;0.574778;1.00228;0.567527;1.03186;0.56735;1.04457;0.568365;1.0509
0.430539;0.205786;0.581886;0.976314;0.567585;0.983311;0.556456;0.998495;0.550937;1.01344;0.548285;1.02563;0.551749;1.00012;0.54686;1.03115;0.545761;1.04856;0.546071;1.06111;0.559418;1.00198;0.553896;1.03546;0.552502;1.05464;0.551946;1.06837;0.568071;1.00533;0.56228;1.03644;0.55964;1.05365;0.558544;1.06493;0.576014;1.00933;0.569296;1.03367;0.56562;1.04658;0.563868;1.05572
0.431944;0.208742;0.578848;0.979074;0.56544;0.986659;0.555959;1.00114;0.552352;1.01406;0.551471;1.02482;0.551443;1.00068;0.549504;1.02791;0.549142;1.04249;0.549521;1.05313;0.558542;1.00057;0.556113;1.03014;0.555452;1.04618;0.555247;1.0577;0.566605;1.00188;0.563875;1.03122;0.562059;1.04574;0.56159;1.05442;0.574148;1.00342;0.570435;1.02702;0.568184;1.03799;0.567694;1.04542
0.432804;0.209501;0.575839;0.981124;0.56185;0.986348;0.553639;0.999569;0.551097;1.01283;0.550578;1.02289;0.552417;0.999519;0.551335;1.02438;0.55107;1.03823;0.550986;1.04857;0.559494;0.998647;0.55869;1.02717;0.557876;1.04414;0.557472;1.05711;0.567236;0.999536;0.566417;1.02787;0.564634;1.04419;0.563787;1.05548;0.574322;1.00155;0.572778;1.02346;0.570774;1.0346;0.569927;1.04298
0.432283;0.210044;0.574119;0.982191;0.561322;0.987168;0.553734;0.999024;0.55166;1.0105;0.551273;1.01969;0.552929;0.997173;0.551489;1.0197;0.551348;1.03239;0.551734;1.04204;0.559897;0.996796;0.558609;1.0229;0.558099;1.03706;0.558173;1.04725;0.567192;0.998364;0.565515;1.02474;0.564027;1.03696;0.563616;1.0441;0.573686;1.00082;0.571345;1.02104;0.569341;1.02944;0.568711;1.03491
0.43138;0.211279;0.574015;0.98608;0.562788;0.988953;0.554649;0.998086;0.551109;1.0079;0.550339;1.01576;0.554046;0.998339;0.551623;1.01839;0.551219;1.02997;0.55177;1.03846;0.560112;0.998738;0.558119;1.02202;0.557744;1.03508;0.558143;1.04414;0.566516;1.00054;0.564847;1.023;0.563603;1.03517;0.563441;1.04272;0.572219;1.00306;0.570235;1.02049;0.568653;1.02832;0.568181;1.03337
0.43233;0.211167;0.572545;0.989625;0.562742;0.991393;0.556282;0.998031;0.55314;1.0047;0.551494;1.00884;0.555348;1.00188;0.553159;1.01724;0.551926;1.02449;0.551543;1.02912;0.560105;1.00361;0.558976;1.0192;0.559522;1.0242;0.560213;1.02665;0.565119;1.0054;0.564213;1.01872;0.564537;1.02054;0.564991;1.02019;0.56956;1.00729;0.567736;1.01684;0.567196;1.01818;0.567558;1.01821
