face_x;face_y;landmark_x_1;landmark_y_1;landmark_x_2;landmark_y_2;landmark_x_3;landmark_y_3;landmark_x_4;landmark_y_4;landmark_x_5;landmark_y_5;landmark_x_6;landmark_y_6;landmark_x_7;landmark_y_7;landmark_x_8;landmark_y_8;landmark_x_9;landmark_y_9;landmark_x_10;landmark_y_10;landmark_x_11;landmark_y_11;landmark_x_12;landmark_y_12;landmark_x_13;landmark_y_13;landmark_x_14;landmark_y_14;landmark_x_15;landmark_y_15;landmark_x_16;landmark_y_16;landmark_x_17;landmark_y_17;landmark_x_18;landmark_y_18;landmark_x_19;landmark_y_19;landmark_x_20;landmark_y_20;landmark_x_21;landmark_y_21;landmark_x_22;landmark_y_22;landmark_x_23;landmark_y_23;landmark_x_24;landmark_y_24;landmark_x_25;landmark_y_25;landmark_x_26;landmark_y_26;landmark_x_27;landmark_y_27;landmark_x_28;landmark_y_28;landmark_x_29;landmark_y_29;landmark_x_30;landmark_y_30;landmark_x_31;landmark_y_31;landmark_x_32;landmark_y_32;landmark_x_33;landmark_y_33;landmark_x_34;landmark_y_34;landmark_x_35;landmark_y_35;landmark_x_36;landmark_y_36;landmark_x_37;landmark_y_37;landmark_x_38;landmark_y_38;landmark_x_39;landmark_y_39;landmark_x_40;landmark_y_40;landmark_x_41;landmark_y_41;landmark_x_42;landmark_y_42
0.482312;0.254206;0.327105;0.803139;0.311043;0.856386;0.312432;0.916174;0.326735;0.96208;0.340008;0.988566;0.282458;0.932181;0.309783;0.997293;0.325195;1.0044;0.331434;1.00091;0.298469;0.926009;0.320548;0.98952;0.33716;0.991497;0.341723;0.988385;0.320002;0.918537;0.335668;0.978192;0.348802;0.977537;0.352978;0.971431;0.342588;0.910791;0.351993;0.958367;0.359192;0.967639;0.362597;0.966501
0.481629;0.255514;0.327516;0.805043;0.310286;0.861235;0.310888;0.921646;0.324556;0.968412;0.337246;0.995198;0.275889;0.937908;0.309673;1.00457;0.328751;1.00125;0.334442;0.990098;0.292895;0.929321;0.320716;0.995304;0.339173;0.993698;0.343363;0.986288;0.316268;0.91973;0.337788;0.983124;0.351013;0.978864;0.353506;0.968309;0.340851;0.911424;0.353886;0.964514;0.360554;0.969729;0.361867;0.96402
0.481865;0.254179;0.334069;0.800965;0.313737;0.858096;0.311806;0.916887;0.324241;0.963064;0.33682;0.988776;0.278878;0.943484;0.311474;1.01029;0.327769;1.00961;0.330937;0.997233;0.297822;0.937994;0.324479;1.00381;0.340337;0.999443;0.341765;0.988401;0.321275;0.92967;0.341522;0.991111;0.354901;0.985749;0.356831;0.974107;0.345968;0.921841;0.357904;0.971694;0.36602;0.975652;0.36806;0.969264
0.483989;0.253456;0.331258;0.792669;0.292919;0.84104;0.29037;0.90646;0.306229;0.955642;0.321815;0.983423;0.27285;0.935162;0.301149;1.01186;0.320501;1.02377;0.329244;1.02696;0.298373;0.931547;0.322762;1.01375;0.341152;1.03065;0.351414;1.03885;0.327648;0.924286;0.346365;0.997931;0.356543;1.00678;0.36153;1.00801;0.356448;0.915749;0.365869;0.978378;0.369399;0.99119;0.371378;0.994736
0.481833;0.253826;0.332792;0.784324;0.296924;0.831964;0.293514;0.898866;0.30589;0.949055;0.320378;0.97744;0.278997;0.928224;0.304135;1.01244;0.323368;1.03374;0.334703;1.04131;0.305625;0.924109;0.326266;1.01361;0.344001;1.04065;0.355149;1.05375;0.33431;0.915826;0.347685;0.992498;0.357764;1.01166;0.364211;1.01969;0.3611;0.905939;0.366651;0.968206;0.369775;0.987689;0.371484;0.99553
0.470412;0.253755;0.333395;0.775247;0.304569;0.829852;0.30375;0.899239;0.318283;0.950707;0.333535;0.976132;0.27923;0.927855;0.313414;1.01218;0.332306;1.00929;0.336218;0.997403;0.301408;0.92124;0.329922;1.00787;0.347116;1.01114;0.350338;1.0024;0.326625;0.911296;0.34869;0.985555;0.360645;0.985325;0.361728;0.976119;0.352233;0.901992;0.363529;0.964511;0.368427;0.97202;0.368262;0.968421
0.474267;0.248692;0.328036;0.759801;0.292253;0.814862;0.291794;0.887581;0.307341;0.942365;0.323203;0.974928;0.276882;0.917043;0.308754;1.00929;0.327738;1.03813;0.337785;1.04873;0.300307;0.907799;0.329328;1.00541;0.348725;1.03774;0.358605;1.05118;0.326704;0.893879;0.34714;0.9795;0.361936;1.0083;0.368226;1.02348;0.352924;0.879119;0.365754;0.946948;0.37369;0.978984;0.377211;0.999572
0.468619;0.245141;0.332373;0.75156;0.316988;0.819085;0.315766;0.89452;0.327453;0.953335;0.343057;0.998931;0.282585;0.909156;0.306412;1.00712;0.328406;1.04121;0.344025;1.05284;0.29898;0.898856;0.320122;1.00283;0.342911;1.03563;0.357074;1.04658;0.320703;0.887894;0.335303;0.979919;0.353345;1.00871;0.364519;1.01669;0.342981;0.87846;0.349044;0.951182;0.357361;0.982302;0.362907;0.996131
0.466288;0.238697;0.325288;0.74292;0.294607;0.807586;0.290962;0.883621;0.304155;0.941699;0.32215;0.985707;0.26651;0.912623;0.299034;1.00858;0.32329;1.05041;0.342969;1.07252;0.287615;0.903407;0.317235;1.00782;0.342969;1.04907;0.364106;1.07025;0.314673;0.890779;0.335035;0.984116;0.356233;1.02405;0.373066;1.04683;0.342922;0.877991;0.352421;0.952136;0.362429;0.992076;0.370386;1.02151
0.469771;0.223554;0.326674;0.733244;0.312277;0.805636;0.308741;0.880719;0.315886;0.93265;0.327711;0.97814;0.278599;0.918702;0.297647;1.00557;0.31903;1.05373;0.339565;1.08432;0.289941;0.912168;0.306627;1.01212;0.330224;1.06072;0.350926;1.09146;0.306063;0.904963;0.317032;0.992849;0.33711;1.04055;0.354531;1.07201;0.324967;0.89703;0.330412;0.965784;0.339231;1.00589;0.347982;1.03609
0.470636;0.213805;0.321677;0.726404;0.315331;0.801413;0.310537;0.879126;0.316615;0.930009;0.329555;0.973696;0.269273;0.920629;0.291465;1.00711;0.315304;1.05221;0.336685;1.07604;0.279806;0.911789;0.299755;1.01639;0.32542;1.06334;0.34806;1.08871;0.296472;0.903633;0.311624;0.998728;0.335414;1.04722;0.354887;1.07697;0.319062;0.89563;0.329469;0.972027;0.342679;1.01226;0.353425;1.04228
0.472874;0.20361;0.322307;0.722604;0.324276;0.809682;0.317361;0.888808;0.318433;0.941256;0.327435;0.98692;0.271292;0.929087;0.291255;1.01443;0.319672;1.06038;0.346;1.08021;0.277928;0.917688;0.298264;1.02296;0.331144;1.07103;0.359677;1.09128;0.292373;0.90661;0.30643;1.00352;0.338656;1.05208;0.365486;1.07664;0.313905;0.894136;0.321778;0.971672;0.340162;1.01244;0.356707;1.03901
0.47584;0.184594;0.322451;0.715522;0.337541;0.819189;0.3306;0.902208;0.330967;0.959428;0.337459;1.01402;0.273094;0.935269;0.293306;1.01798;0.326223;1.06727;0.357705;1.09449;0.274287;0.919353;0.297218;1.02292;0.334696;1.07261;0.368505;1.09746;0.286306;0.903685;0.302645;0.999519;0.338504;1.053;0.371191;1.08511;0.306609;0.883277;0.313959;0.955817;0.334478;1.00062;0.355143;1.03485
0.474373;0.185175;0.323256;0.709504;0.325734;0.806847;0.322567;0.890401;0.324033;0.947441;0.331875;1.00091;0.28566;0.937577;0.304331;1.02486;0.332142;1.08105;0.360497;1.12021;0.289154;0.92295;0.310042;1.03157;0.343082;1.0883;0.373559;1.12602;0.29999;0.906673;0.315182;1.0033;0.345493;1.06393;0.373591;1.1071;0.31542;0.883871;0.325421;0.956334;0.342799;1.00666;0.360439;1.04851
0.473622;0.178395;0.324728;0.697838;0.333991;0.801346;0.328477;0.887152;0.330152;0.945095;0.337988;0.995297;0.277005;0.936076;0.301211;1.0217;0.334201;1.07048;0.364054;1.09686;0.280254;0.919335;0.303872;1.03079;0.33982;1.082;0.371342;1.1099;0.293064;0.900626;0.310444;1.00307;0.34373;1.05854;0.373651;1.09152;0.313759;0.8769;0.32293;0.952003;0.340038;0.997445;0.357714;1.03208
0.467886;0.180481;0.323315;0.692388;0.312923;0.800509;0.309569;0.879507;0.30675;0.932184;0.310846;0.983811;0.285651;0.946341;0.304089;1.03497;0.325896;1.09872;0.347759;1.14455;0.293545;0.929044;0.308431;1.03894;0.330753;1.10652;0.35252;1.15938;0.305425;0.907799;0.31606;1.01129;0.33422;1.07982;0.352881;1.13202;0.319537;0.878748;0.328982;0.956487;0.338523;1.01021;0.350115;1.05447
0.468379;0.181165;0.324609;0.680411;0.334378;0.785255;0.331002;0.873146;0.3331;0.932814;0.340372;0.98853;0.278838;0.941054;0.303952;1.02823;0.33415;1.08311;0.361298;1.11624;0.283352;0.924857;0.307041;1.03512;0.337169;1.08747;0.363225;1.12122;0.296245;0.904417;0.313388;1.00495;0.339422;1.06277;0.364682;1.09787;0.314017;0.877247;0.32111;0.948969;0.333535;1.00091;0.347718;1.04156
0.470461;0.184444;0.325482;0.667098;0.328533;0.773683;0.325238;0.856936;0.326631;0.911864;0.330592;0.966323;0.289455;0.935025;0.305536;1.03074;0.3324;1.09041;0.362143;1.12976;0.29096;0.920776;0.308633;1.03921;0.338435;1.09937;0.368905;1.13746;0.299219;0.903689;0.313922;1.01612;0.338513;1.08177;0.364622;1.12413;0.311044;0.879927;0.319611;0.968533;0.332686;1.02913;0.348925;1.07658
0.472054;0.186794;0.321024;0.657468;0.321237;0.773538;0.319783;0.863562;0.324105;0.919599;0.331196;0.976364;0.284803;0.942844;0.308368;1.03769;0.338567;1.09509;0.370054;1.131;0.291484;0.925003;0.315644;1.04154;0.347561;1.09726;0.378216;1.12907;0.303556;0.904505;0.323018;1.01205;0.34996;1.07247;0.377475;1.1085;0.315891;0.878836;0.328558;0.963061;0.344301;1.01938;0.362329;1.0602
0.475812;0.186454;0.319275;0.65607;0.324668;0.742845;0.323846;0.831477;0.329749;0.898847;0.341296;0.953883;0.272354;0.922624;0.307976;1.03338;0.342081;1.08826;0.37431;1.12511;0.285164;0.917994;0.317874;1.04306;0.354609;1.09293;0.384659;1.11727;0.303999;0.910669;0.332187;1.01625;0.362583;1.06118;0.388636;1.08228;0.323451;0.897502;0.33867;0.977416;0.356046;1.01438;0.372727;1.03408
0.473089;0.199916;0.319467;0.665089;0.309994;0.736451;0.309012;0.801089;0.313733;0.845001;0.320121;0.874422;0.278162;0.909775;0.310062;1.00951;0.342118;1.06033;0.374343;1.1007;0.289439;0.917055;0.318919;1.03392;0.352568;1.08332;0.385625;1.11816;0.304544;0.915225;0.330728;1.01876;0.3613;1.06557;0.391041;1.09746;0.320713;0.906007;0.339222;0.983627;0.356151;1.02054;0.372474;1.04643
0.472905;0.207898;0.328509;0.660783;0.329517;0.782923;0.327825;0.86111;0.331712;0.914543;0.3364;0.958773;0.28784;0.940628;0.325255;1.02208;0.364895;1.06592;0.403455;1.09819;0.291106;0.924147;0.330027;1.03087;0.373757;1.07893;0.413778;1.10676;0.301887;0.901002;0.334531;1.00261;0.372559;1.05565;0.408278;1.08802;0.316074;0.872909;0.336964;0.952773;0.35818;1.0009;0.379847;1.0382
0.471244;0.217553;0.314012;0.659796;0.334295;0.805663;0.337207;0.907337;0.35062;0.977691;0.363089;1.04199;0.277706;0.957284;0.320031;1.03287;0.358461;1.07608;0.391384;1.09981;0.279151;0.930626;0.325505;1.02858;0.367585;1.06892;0.403178;1.093;0.291131;0.896426;0.327407;0.993541;0.365886;1.0414;0.401083;1.07039;0.307604;0.855149;0.326942;0.927902;0.349698;0.976471;0.371079;1.01616
0.471271;0.216845;0.315392;0.651638;0.351489;0.78418;0.34789;0.87683;0.351168;0.934864;0.359579;0.983082;0.282659;0.956677;0.315704;1.0293;0.344058;1.04316;0.359435;1.03893;0.273366;0.924932;0.311258;1.01289;0.341893;1.0339;0.359791;1.03824;0.274855;0.887457;0.320557;0.964893;0.351736;0.989331;0.369898;1.00285;0.287534;0.840858;0.33077;0.896741;0.355377;0.914541;0.366594;0.929095
0.469183;0.226372;0.315731;0.642776;0.36144;0.766852;0.370279;0.842185;0.38085;0.904583;0.385664;0.929911;0.288545;0.919085;0.309514;0.998956;0.349956;0.980743;0.366833;0.94575;0.272473;0.884137;0.296099;0.967751;0.341705;0.946502;0.360672;0.909551;0.270528;0.841857;0.303729;0.900598;0.345363;0.88471;0.361385;0.856583;0.278948;0.791343;0.309982;0.830472;0.340933;0.822133;0.350532;0.804778;0.311903;0.796864;0.276904;0.791339;0.272773;0.792971;0.292432;0.822924;0.312545;0.847329;0.294632;0.794495;0.302745;0.801525;0.301841;0.813609;0.304286;0.827238;0.319565;0.822109;0.326968;0.874375;0.319175;0.898416;0.311645;0.907857;0.340991;0.844817;0.344754;0.905438;0.331391;0.916878;0.321444;0.917638;0.352705;0.860909;0.359462;0.909916;0.352203;0.917919;0.34202;0.913883
0.471944;0.221693;0.301003;0.815775;0.327828;0.817477;0.341744;0.818925;0.350257;0.822099;0.354505;0.819672;0.325652;0.850465;0.324529;0.8804;0.319119;0.884308;0.315396;0.876217;0.309848;0.859632;0.308315;0.891164;0.304107;0.892206;0.302065;0.881928;0.294455;0.86584;0.292295;0.898547;0.290181;0.897507;0.289474;0.885172;0.280064;0.868478;0.277437;0.897159;0.276496;0.89688;0.276551;0.886221
0.469566;0.228935;0.306061;0.835399;0.331362;0.827326;0.339823;0.827206;0.338895;0.826488;0.336517;0.82328;0.326377;0.856767;0.329939;0.842981;0.328044;0.831597;0.325045;0.823334;0.309935;0.868319;0.311005;0.855469;0.307622;0.844045;0.305043;0.838373;0.295357;0.874605;0.296351;0.871142;0.292344;0.858209;0.288617;0.849255;0.282746;0.878736;0.284273;0.88197;0.279942;0.869726;0.276084;0.859388
0.479094;0.226875;0.319146;0.806389;0.310305;0.83081;0.301834;0.850549;0.294707;0.864656;0.28564;0.878963;0.311332;0.866738;0.300428;0.875916;0.291856;0.876897;0.285983;0.875815;0.314164;0.856962;0.303999;0.866316;0.295474;0.868938;0.288898;0.872291;0.315451;0.847445;0.307714;0.856888;0.30048;0.857625;0.29359;0.85869;0.316832;0.837308;0.312413;0.844642;0.307948;0.844695;0.302688;0.845477
0.474632;0.230332;0.319034;0.8068;0.31668;0.823743;0.310467;0.836686;0.305487;0.847082;0.303601;0.856266;0.304864;0.853437;0.294158;0.8674;0.2891;0.874462;0.286107;0.879264;0.30502;0.849577;0.292119;0.865592;0.285803;0.872566;0.281203;0.878176;0.304911;0.843426;0.293715;0.858184;0.287997;0.86287;0.283869;0.866419;0.305468;0.836263;0.296895;0.846357;0.292435;0.851132;0.289102;0.853879;0.346095;0.593298;0.380954;0.590379;0.398521;0.571991;0.404053;0.555318;0.401949;0.54082;0.376568;0.507748;0.381666;0.467764;0.39008;0.464453;0.395908;0.468954;0.35588;0.508586;0.365241;0.484619;0.375509;0.500208;0.381258;0.512051;0.341493;0.524033;0.35389;0.518529;0.36154;0.534989;0.364553;0.545429;0.332204;0.542751;0.344132;0.543459;0.349247;0.5541;0.350516;0.562281
0.476308;0.237478;0.3558;0.585901;0.387338;0.559403;0.402134;0.521662;0.404385;0.495721;0.394145;0.47989;0.363949;0.492855;0.371326;0.456686;0.381178;0.428536;0.393164;0.40524;0.348529;0.501149;0.365258;0.481544;0.375937;0.487985;0.382862;0.493229;0.33699;0.51796;0.359042;0.514368;0.370252;0.53579;0.372673;0.550783;0.329296;0.538617;0.346539;0.536417;0.357444;0.551453;0.359588;0.56348
0.474354;0.239103;0.364347;0.541787;0.393702;0.523217;0.409296;0.488052;0.410292;0.463676;0.393728;0.451576;0.382514;0.435681;0.390014;0.393325;0.401978;0.37478;0.412728;0.363746;0.362077;0.443196;0.377477;0.434552;0.386796;0.464067;0.389333;0.480023;0.348488;0.462095;0.36278;0.460477;0.373618;0.485592;0.37643;0.495466;0.339444;0.482808;0.349706;0.482048;0.360864;0.500611;0.364635;0.509759
0.473493;0.23594;0.371022;0.520015;0.396616;0.501223;0.414787;0.465032;0.418839;0.440307;0.400818;0.426477;0.386722;0.407535;0.394888;0.364357;0.406407;0.350309;0.417018;0.341279;0.365392;0.419234;0.38614;0.412627;0.393782;0.444175;0.391599;0.458402;0.35164;0.439657;0.37378;0.439391;0.383593;0.465104;0.381537;0.473341;0.342524;0.462893;0.36064;0.458846;0.371965;0.475721;0.371662;0.48373
0.472809;0.235565;0.379461;0.512115;0.403557;0.486104;0.41959;0.444841;0.422357;0.416354;0.407322;0.410419;0.381025;0.391883;0.391506;0.352043;0.406671;0.334632;0.422319;0.318873;0.360683;0.402047;0.39289;0.392816;0.397402;0.426963;0.390236;0.435221;0.348613;0.422094;0.383883;0.417872;0.389604;0.445974;0.380704;0.44868;0.340968;0.445992;0.369182;0.438085;0.377424;0.455621;0.370085;0.460064
0.470867;0.239426;0.381456;0.50979;0.408105;0.481622;0.423694;0.439832;0.425978;0.409187;0.410766;0.397421;0.384514;0.383614;0.397746;0.342733;0.413705;0.326172;0.42973;0.311262;0.363723;0.390515;0.400795;0.387689;0.402424;0.422561;0.391663;0.427281;0.351822;0.408495;0.391076;0.414556;0.393573;0.444003;0.381249;0.447159;0.345062;0.431228;0.377712;0.431902;0.382181;0.452193;0.370372;0.456506
0.471196;0.243696;0.381933;0.500458;0.409439;0.479208;0.426482;0.436999;0.427475;0.405945;0.41248;0.392396;0.390816;0.380292;0.403971;0.339864;0.418081;0.323695;0.431887;0.309171;0.36935;0.383974;0.404127;0.384634;0.4053;0.420013;0.393748;0.423147;0.356116;0.399415;0.392027;0.40999;0.394459;0.439091;0.381977;0.441104;0.347705;0.419788;0.378113;0.425634;0.382993;0.445772;0.371784;0.448648
0.473989;0.243393;0.382122;0.501828;0.410505;0.477686;0.427587;0.435467;0.430907;0.404589;0.415601;0.3923;0.390761;0.375775;0.404801;0.335629;0.420515;0.320366;0.436313;0.307001;0.368859;0.381154;0.40566;0.38304;0.407237;0.417844;0.396754;0.421793;0.35576;0.398905;0.394161;0.410837;0.396366;0.43976;0.384014;0.441385;0.348018;0.421764;0.380551;0.428535;0.384757;0.448576;0.372573;0.451284
0.472109;0.244653;0.379883;0.512844;0.410355;0.485852;0.428605;0.443202;0.433666;0.412235;0.418327;0.400416;0.392003;0.378935;0.406199;0.335028;0.423279;0.318463;0.43981;0.304537;0.369365;0.385117;0.404848;0.385781;0.407519;0.420853;0.398136;0.426381;0.355827;0.404291;0.393342;0.415724;0.396826;0.444868;0.385553;0.44637;0.347531;0.428159;0.378907;0.434077;0.384039;0.454444;0.372882;0.456786
0.472982;0.245252;0.382501;0.509956;0.410398;0.492662;0.428981;0.452922;0.431837;0.424011;0.412638;0.413756;0.394931;0.386238;0.410277;0.348847;0.425504;0.331046;0.440626;0.313085;0.370662;0.391285;0.399489;0.393397;0.401746;0.42918;0.393265;0.435191;0.35469;0.410457;0.387459;0.422587;0.391214;0.452897;0.3801;0.451603;0.344191;0.435111;0.37319;0.444101;0.379318;0.464214;0.36868;0.463723
0.477214;0.250124;0.372009;0.522335;0.401051;0.50996;0.422113;0.471036;0.428424;0.442206;0.413113;0.428015;0.396329;0.402367;0.411921;0.360592;0.425342;0.339599;0.437478;0.321888;0.369841;0.40758;0.395516;0.409461;0.398346;0.443702;0.392807;0.453633;0.351602;0.427816;0.378415;0.435863;0.38578;0.463552;0.381742;0.466546;0.340005;0.454114;0.362913;0.461639;0.373261;0.479687;0.371664;0.481332
0.477255;0.251118;0.360652;0.522373;0.392567;0.517852;0.416565;0.495465;0.421092;0.481058;0.412244;0.46751;0.399454;0.408948;0.415981;0.384717;0.422737;0.381186;0.428042;0.379416;0.369503;0.407416;0.386004;0.437746;0.388184;0.484005;0.390318;0.506382;0.347277;0.429541;0.36522;0.481578;0.370545;0.520696;0.373103;0.532682;0.331764;0.45868;0.348602;0.49834;0.35785;0.52711;0.36165;0.536664
0.477703;0.252706;0.341042;0.540148;0.379222;0.532457;0.405733;0.5094;0.411738;0.494103;0.411136;0.47884;0.391684;0.429901;0.4183;0.407592;0.424328;0.423654;0.426884;0.440151;0.362841;0.428981;0.393831;0.462375;0.398688;0.497044;0.399424;0.508178;0.340291;0.448941;0.370881;0.504507;0.370054;0.529668;0.366819;0.526723;0.323831;0.474611;0.352724;0.526369;0.354981;0.54502;0.352361;0.539773
0.475657;0.249133;0.334244;0.580885;0.37111;0.574454;0.390046;0.561063;0.400839;0.564105;0.405019;0.567364;0.36962;0.460884;0.390831;0.456544;0.402922;0.474778;0.412257;0.483912;0.342151;0.469009;0.37811;0.507583;0.385001;0.54126;0.385094;0.540592;0.321989;0.496448;0.35468;0.547107;0.355903;0.568955;0.352068;0.559723;0.308694;0.528424;0.336454;0.565901;0.339919;0.579536;0.336566;0.570788
0.474902;0.248267;0.328769;0.585333;0.3659;0.581708;0.397328;0.57689;0.412863;0.587174;0.409279;0.599895;0.368856;0.483901;0.383406;0.461504;0.40046;0.470864;0.414855;0.484077;0.337254;0.49023;0.359659;0.514986;0.374956;0.550454;0.380211;0.561948;0.314038;0.514579;0.33545;0.554918;0.347984;0.58568;0.351571;0.592153;0.298508;0.547154;0.315256;0.590651;0.325647;0.611603;0.329084;0.61213
0.471367;0.250385;0.330221;0.582261;0.364901;0.583276;0.392702;0.582479;0.40766;0.59311;0.403057;0.604613;0.36569;0.489872;0.38521;0.470545;0.405826;0.480965;0.42225;0.493884;0.336574;0.495905;0.35842;0.520068;0.373729;0.562015;0.379685;0.577987;0.315239;0.5223;0.330636;0.5583;0.345171;0.594642;0.351892;0.604324;0.300456;0.555052;0.310736;0.593804;0.322119;0.619971;0.329348;0.62616
0.470004;0.248664;0.330766;0.586781;0.364672;0.588526;0.392667;0.584426;0.409644;0.591917;0.410482;0.598956;0.370843;0.491632;0.390349;0.474344;0.408769;0.478266;0.425229;0.484182;0.34129;0.495243;0.365357;0.527434;0.377139;0.564541;0.38086;0.573797;0.319457;0.519654;0.339514;0.563072;0.350605;0.594725;0.354137;0.599044;0.303685;0.551847;0.319062;0.598037;0.329363;0.621592;0.334222;0.623051
0.467907;0.246257;0.337259;0.581163;0.368905;0.579099;0.396551;0.572382;0.41324;0.574084;0.415418;0.580596;0.370291;0.489862;0.386454;0.464738;0.40726;0.477571;0.424467;0.492655;0.340397;0.498854;0.355729;0.509311;0.376075;0.55192;0.386163;0.572869;0.318349;0.523388;0.329626;0.550416;0.349654;0.58977;0.359798;0.606139;0.304302;0.553934;0.311167;0.588063;0.3272;0.61618;0.338051;0.625882
0.467518;0.245822;0.33638;0.588904;0.368891;0.586785;0.397026;0.577247;0.414331;0.577509;0.41656;0.581394;0.371153;0.488531;0.390655;0.464051;0.411376;0.471478;0.428271;0.482824;0.341701;0.495879;0.363479;0.517013;0.37838;0.556848;0.382973;0.571783;0.32038;0.521725;0.33793;0.555706;0.352551;0.590367;0.356749;0.600319;0.305757;0.554736;0.317328;0.591346;0.330091;0.616158;0.336239;0.622486
0.468343;0.242934;0.337966;0.570449;0.370306;0.57366;0.396292;0.571726;0.414082;0.579061;0.417283;0.583657;0.373949;0.483865;0.394897;0.471867;0.414563;0.473145;0.432497;0.474147;0.344366;0.488502;0.368019;0.518046;0.381519;0.55016;0.388541;0.559005;0.322943;0.513164;0.341856;0.554112;0.354938;0.582001;0.360861;0.58644;0.307555;0.545609;0.321088;0.586345;0.332524;0.606832;0.338826;0.609163
0.467637;0.242199;0.33896;0.58654;0.375801;0.585186;0.400504;0.577192;0.41638;0.577782;0.415861;0.578353;0.372709;0.479769;0.390674;0.454852;0.411613;0.462795;0.428765;0.472311;0.342945;0.486659;0.366824;0.505917;0.384035;0.54565;0.39063;0.561363;0.321522;0.513236;0.341322;0.549742;0.356769;0.583918;0.361993;0.594064;0.306806;0.547689;0.319715;0.583598;0.332803;0.605699;0.339499;0.612457
0.465472;0.240952;0.339346;0.57785;0.373868;0.577503;0.400893;0.570052;0.417443;0.574123;0.418846;0.577483;0.37206;0.478219;0.39296;0.457367;0.414544;0.462435;0.431989;0.469993;0.341915;0.486172;0.366929;0.509851;0.382634;0.547153;0.387959;0.559702;0.320785;0.513056;0.341642;0.551073;0.356134;0.583179;0.360367;0.59034;0.3067;0.546894;0.320669;0.585782;0.332901;0.608576;0.338325;0.613281
0.461153;0.23943;0.342521;0.574784;0.374545;0.574087;0.402599;0.566005;0.419135;0.569382;0.419475;0.575849;0.374682;0.480842;0.392186;0.453575;0.414129;0.46485;0.432029;0.480065;0.344729;0.49083;0.360393;0.499765;0.380451;0.539554;0.38934;0.5569;0.323071;0.516985;0.335313;0.541082;0.354519;0.577014;0.362378;0.588899;0.308655;0.548235;0.316454;0.581309;0.331809;0.606218;0.340804;0.612687
0.458822;0.237694;0.343442;0.576424;0.375142;0.572448;0.403416;0.560525;0.419687;0.559092;0.418757;0.565977;0.372791;0.478582;0.391036;0.456212;0.412783;0.47237;0.428226;0.489296;0.343;0.492699;0.358365;0.504822;0.379128;0.542621;0.387105;0.558074;0.322275;0.520913;0.333909;0.54463;0.354082;0.578297;0.360937;0.590107;0.309745;0.552475;0.3166;0.585984;0.332496;0.608743;0.341208;0.614387
0.458062;0.23703;0.344469;0.570126;0.376827;0.569332;0.403718;0.560101;0.419628;0.560036;0.418891;0.566584;0.370578;0.480677;0.386597;0.453806;0.409367;0.472489;0.426522;0.490684;0.341168;0.495082;0.357415;0.508349;0.381094;0.548938;0.391962;0.56507;0.321007;0.523839;0.332284;0.548197;0.354748;0.58561;0.364551;0.599484;0.309241;0.555973;0.315983;0.589645;0.332827;0.615442;0.343597;0.623103
0.45841;0.234693;0.342533;0.583413;0.378316;0.582533;0.404794;0.574358;0.421144;0.579536;0.418948;0.585287;0.373428;0.477604;0.393079;0.457022;0.415969;0.469476;0.433646;0.479347;0.343233;0.486942;0.372474;0.515672;0.388917;0.55436;0.392393;0.564819;0.322591;0.516105;0.346915;0.55637;0.360334;0.588689;0.362274;0.596247;0.309085;0.552694;0.325693;0.592495;0.335588;0.61492;0.33878;0.620341
0.459249;0.230021;0.343279;0.568667;0.372896;0.570743;0.399126;0.56617;0.417635;0.574381;0.422513;0.581716;0.376426;0.485169;0.398418;0.476512;0.420299;0.488907;0.437332;0.498724;0.346509;0.494107;0.369789;0.531147;0.384844;0.560544;0.389939;0.562943;0.324824;0.521346;0.344047;0.56302;0.35754;0.590323;0.361523;0.593265;0.309131;0.555552;0.322588;0.596421;0.332763;0.618131;0.337927;0.621762
0.460762;0.226553;0.343012;0.590249;0.376987;0.589975;0.403821;0.586214;0.421974;0.594019;0.422427;0.599368;0.377508;0.493266;0.400352;0.487751;0.421978;0.497298;0.440043;0.501697;0.346491;0.500515;0.378709;0.543819;0.39039;0.573186;0.392056;0.574515;0.324661;0.529246;0.352088;0.578139;0.361424;0.603399;0.361797;0.604697;0.309639;0.567531;0.32861;0.609407;0.335037;0.629074;0.336159;0.632599
0.461111;0.234307;0.338472;0.600596;0.374818;0.60204;0.401897;0.600043;0.422564;0.612542;0.428113;0.623361;0.379741;0.504256;0.399096;0.491854;0.418213;0.494652;0.435482;0.496365;0.350492;0.509191;0.386732;0.558004;0.398481;0.589615;0.40017;0.593926;0.329551;0.53972;0.362802;0.596524;0.368862;0.620185;0.366824;0.617821;0.314858;0.578436;0.342106;0.628519;0.347114;0.646491;0.34533;0.645413
0.45719;0.227942;0.336903;0.576369;0.368378;0.555983;0.395901;0.544905;0.416198;0.549211;0.427799;0.561148;0.365202;0.526304;0.395621;0.53902;0.406301;0.559903;0.40768;0.569977;0.341619;0.548316;0.375561;0.577392;0.383482;0.593789;0.381297;0.594029;0.325103;0.57682;0.352223;0.608292;0.360097;0.619075;0.360159;0.617294;0.314098;0.603211;0.328076;0.63631;0.33094;0.64639;0.330533;0.646181
0.456269;0.227589;0.343582;0.610444;0.373359;0.597229;0.405368;0.589685;0.425886;0.601228;0.431488;0.621063;0.377805;0.545794;0.402588;0.54466;0.420544;0.58153;0.428623;0.609475;0.350056;0.561175;0.376289;0.58334;0.390947;0.617708;0.393615;0.631625;0.329335;0.588924;0.351192;0.619008;0.363464;0.641538;0.365475;0.645121;0.314018;0.617437;0.326673;0.647513;0.332309;0.662038;0.334228;0.661921
0.460842;0.225706;0.356808;0.609132;0.387553;0.609791;0.417639;0.615812;0.43499;0.646339;0.442518;0.679855;0.389417;0.572287;0.413139;0.593018;0.422566;0.634056;0.42742;0.663182;0.363362;0.582044;0.381081;0.616362;0.387849;0.656654;0.391516;0.674189;0.340626;0.603281;0.351505;0.637288;0.355822;0.667462;0.358415;0.680912;0.321906;0.626742;0.326066;0.661397;0.325798;0.682199;0.32758;0.692764
0.46624;0.221533;0.229534;0.779459;0.217352;0.752925;0.221937;0.752188;0.237365;0.749845;0.255621;0.749455;0.20644;0.804789;0.227157;0.803009;0.251938;0.792737;0.270502;0.781777;0.224914;0.812357;0.253409;0.806395;0.275304;0.787766;0.284308;0.77448;0.247289;0.810552;0.279886;0.795491;0.299287;0.781326;0.305668;0.769782;0.2687;0.807324;0.296751;0.79144;0.312025;0.778128;0.317979;0.766531;0.375685;0.649989;0.342775;0.689244;0.319129;0.703541;0.302359;0.725046;0.291356;0.7534;0.309141;0.658265;0.286396;0.66294;0.278748;0.690616;0.280512;0.721406;0.334738;0.638233;0.321889;0.637817;0.321761;0.675674;0.325933;0.707546;0.36305;0.621649;0.363332;0.628674;0.369326;0.669043;0.375097;0.698209;0.389754;0.612995;0.399321;0.622149;0.408054;0.65225;0.411842;0.675654
0.458185;0.214277;0.2509;0.723153;0.273055;0.751207;0.281361;0.776456;0.290164;0.797148;0.298766;0.808507;0.250518;0.835807;0.275423;0.828991;0.287932;0.805626;0.296425;0.787971;0.235387;0.835095;0.264099;0.824322;0.279573;0.802073;0.28912;0.78661;0.22686;0.820748;0.253141;0.814999;0.268064;0.794621;0.276066;0.782659;0.221943;0.802128;0.240729;0.802119;0.251385;0.791131;0.257775;0.785994;0.35585;0.678487;0.381754;0.661942;0.397181;0.666451;0.403776;0.684999;0.403975;0.706426;0.359229;0.645287;0.373631;0.669802;0.387623;0.707953;0.394637;0.738349;0.339651;0.658598;0.350232;0.702866;0.363142;0.749106;0.369235;0.778456;0.323564;0.674446;0.322916;0.718945;0.334377;0.764122;0.340903;0.792877;0.308062;0.692966;0.298087;0.72128;0.294153;0.744523;0.289414;0.762771
0.457325;0.211336;0.246458;0.728574;0.272138;0.758572;0.28111;0.792706;0.288211;0.820487;0.298235;0.839924;0.252341;0.812101;0.272323;0.81562;0.287988;0.805108;0.298034;0.796256;0.236325;0.805322;0.259188;0.810524;0.275002;0.802399;0.28422;0.796797;0.224447;0.795561;0.243699;0.807051;0.258657;0.802403;0.268147;0.799513;0.216374;0.786373;0.225951;0.805108;0.234031;0.813593;0.24065;0.821232
0.464836;0.214297;0.247656;0.725877;0.24082;0.753021;0.239435;0.782069;0.242789;0.807111;0.2498;0.824696;0.228855;0.790559;0.240609;0.812215;0.254109;0.82271;0.265366;0.827296;0.237552;0.787192;0.254346;0.810122;0.26944;0.817921;0.28025;0.819688;0.24659;0.782845;0.260869;0.806813;0.274717;0.811919;0.283015;0.810634;0.254638;0.777408;0.264279;0.799243;0.274779;0.80609;0.283287;0.808362;0.336443;0.83488;0.319052;0.863385;0.30201;0.873313;0.293219;0.888047;0.294327;0.898278;0.302351;0.794314;0.292818;0.802828;0.295125;0.823186;0.298806;0.839204;0.32488;0.783201;0.323803;0.810229;0.327064;0.853253;0.328039;0.88477;0.347853;0.789325;0.354403;0.829276;0.354788;0.875317;0.351994;0.904017;0.368101;0.805474;0.372732;0.841944;0.372596;0.876967;0.368766;0.903858
0.460477;0.215129;0.339795;0.850681;0.357577;0.851475;0.367649;0.85801;0.371861;0.867905;0.374157;0.87812;0.342274;0.833695;0.330214;0.832198;0.318416;0.836982;0.306908;0.840637;0.330989;0.831819;0.312902;0.845717;0.303386;0.864419;0.296001;0.880108;0.321043;0.834588;0.307416;0.858505;0.300631;0.87883;0.295883;0.894585;0.312243;0.838152;0.303158;0.857383;0.298853;0.87058;0.296239;0.883689
0.46503;0.216811;0.311139;0.838274;0.344212;0.854995;0.367218;0.887735;0.379274;0.916839;0.392116;0.945571;0.371833;0.910357;0.389591;0.962767;0.39616;0.9884;0.400817;1.0096;0.357468;0.908898;0.372558;0.96498;0.373813;0.990977;0.374667;1.01557;0.340325;0.90679;0.34797;0.95254;0.347658;0.975671;0.348696;0.997777;0.321684;0.904276;0.323668;0.937065;0.325858;0.955637;0.329353;0.973127
0.464386;0.204633;0.314066;0.868017;0.3383;0.882903;0.355103;0.903285;0.366707;0.917847;0.377209;0.932528;0.364326;0.923087;0.379403;0.953942;0.386672;0.97648;0.391406;0.998364;0.360064;0.928493;0.377197;0.963192;0.384696;0.987812;0.389646;1.01118;0.35337;0.931963;0.369926;0.964239;0.377957;0.988913;0.382918;1.01134;0.344137;0.932665;0.356277;0.95889;0.363859;0.977308;0.369876;0.995613
